	CNN	LDA	GB	SVM	RF	Logistic
0	8	5	6	5	6	5
1	9	9	9	9	9	9
2	6	6	6	6	6	6
3	3	3	3	3	3	3
4	2	2	2	2	2	2
5	9	4	4	4	4	4
6	9	1	9	4	1	8
7	1	1	1	1	1	1
8	4	4	4	4	4	4
9	0	0	0	0	0	0
10	3	1	1	1	1	1
11	0	0	0	0	0	0
12	2	2	2	2	2	2
13	1	1	1	1	1	1
14	6	6	6	6	6	6
15	1	1	1	1	1	1
16	4	8	4	4	4	4
17	4	5	4	4	4	4
18	3	3	3	3	3	3
19	4	4	4	4	4	4
20	7	7	7	7	7	7
21	1	1	1	1	1	1
22	0	0	0	0	0	0
23	3	3	3	3	3	3
24	5	5	5	5	5	5
25	7	7	7	7	7	7
26	3	7	7	3	3	3
27	9	4	4	4	4	4
28	8	8	8	8	8	8
29	0	0	0	5	0	0
30	2	2	2	2	2	3
31	7	7	7	7	7	7
32	8	8	8	8	8	8
33	8	8	8	8	8	8
34	6	8	6	6	6	6
35	1	1	1	1	1	1
36	0	0	0	0	0	0
37	2	2	2	2	2	2
38	0	0	0	0	0	0
39	3	5	5	5	3	5
40	5	5	5	5	5	5
41	0	0	0	0	0	0
42	5	3	5	5	5	5
43	6	6	6	6	6	6
44	3	8	8	8	8	8
45	3	3	3	3	3	3
46	1	1	1	1	1	1
47	8	8	8	8	8	8
48	0	0	0	0	0	0
49	0	0	0	0	0	0
50	0	0	0	0	0	0
51	9	9	9	9	9	9
52	3	3	3	3	3	3
53	4	4	4	4	4	4
54	5	5	5	5	5	5
55	0	0	0	0	0	0
56	4	4	4	4	4	6
57	4	4	4	4	4	4
58	2	2	2	2	2	2
59	8	9	9	8	8	9
60	3	8	8	3	8	8
61	7	7	7	7	7	7
62	0	0	0	0	0	0
63	3	3	3	3	3	3
64	9	9	9	9	9	9
65	3	3	8	3	8	3
66	3	3	3	3	3	3
67	7	7	7	9	7	7
68	6	6	6	6	6	6
69	7	7	7	7	7	7
70	5	5	5	5	5	5
71	0	0	0	0	0	0
72	9	9	9	9	9	9
73	7	7	7	7	7	7
74	7	7	7	7	7	7
75	8	5	8	8	8	8
76	8	8	8	8	8	8
77	1	1	1	1	1	1
78	0	0	0	0	0	0
79	7	7	7	7	7	7
80	4	4	4	4	4	4
81	6	4	6	6	6	6
82	3	8	8	6	8	6
83	1	1	1	1	1	1
84	0	0	0	0	0	0
85	5	3	5	5	3	3
86	0	0	0	0	0	0
87	5	5	5	5	5	5
88	3	3	3	3	3	3
89	2	2	2	2	2	2
90	0	0	0	0	0	0
91	2	2	2	2	2	2
92	4	4	4	4	4	4
93	9	9	9	9	9	9
94	3	1	3	3	3	3
95	2	2	2	2	2	2
96	1	1	1	1	1	1
97	6	6	6	6	6	6
98	6	6	6	6	6	6
99	2	2	2	2	2	2
100	9	9	4	4	4	4
101	8	8	8	8	8	8
102	8	8	8	8	8	8
103	1	1	1	1	1	1
104	2	2	2	2	2	2
105	8	8	8	8	8	8
106	0	0	0	0	0	0
107	3	1	5	5	3	3
108	0	0	0	0	0	0
109	7	7	7	7	7	7
110	2	2	2	2	2	2
111	3	3	3	3	3	3
112	6	1	6	6	6	6
113	7	7	7	7	7	7
114	1	1	1	1	1	1
115	7	7	7	7	7	7
116	9	9	9	9	9	9
117	2	2	2	2	2	7
118	7	7	7	7	7	7
119	0	0	0	0	0	0
120	5	5	5	5	5	5
121	0	0	0	0	0	0
122	3	3	3	3	3	3
123	2	2	2	2	2	2
124	3	3	3	3	3	3
125	8	8	8	8	4	8
126	2	2	2	2	2	2
127	4	4	4	4	4	4
128	1	1	1	1	1	1
129	1	1	1	1	1	1
130	0	6	6	0	6	0
131	9	4	9	9	9	9
132	3	3	3	3	3	3
133	1	1	1	1	1	1
134	9	9	9	9	9	9
135	1	1	1	1	1	1
136	1	1	1	1	1	1
137	4	4	4	4	4	4
138	7	7	7	7	7	7
139	8	8	8	8	8	8
140	4	4	4	4	4	4
141	6	6	6	6	6	6
142	0	8	0	0	0	0
143	0	0	0	0	0	0
144	1	1	1	1	1	1
145	7	7	7	7	7	7
146	1	1	1	7	1	3
147	0	0	0	0	0	0
148	7	7	7	7	7	7
149	4	2	4	4	4	4
150	0	0	0	0	0	0
151	9	9	4	4	4	9
152	6	6	6	6	6	6
153	1	1	1	1	1	1
154	3	3	3	3	3	3
155	0	0	0	0	0	0
156	8	8	8	8	8	8
157	6	6	6	6	6	6
158	5	5	5	5	5	5
159	3	3	3	3	3	3
160	2	6	6	2	6	6
161	9	9	9	9	9	9
162	1	1	1	1	1	1
163	0	0	0	0	0	0
164	7	7	7	7	7	7
165	7	7	7	7	7	7
166	7	7	7	7	7	7
167	5	5	5	5	5	5
168	5	5	5	5	5	5
169	8	8	8	8	8	8
170	7	7	7	7	7	7
171	8	8	8	8	8	8
172	9	9	9	9	9	9
173	8	4	3	3	4	4
174	1	1	1	1	1	1
175	7	7	7	7	7	7
176	7	7	7	7	7	7
177	2	2	2	2	2	2
178	5	5	5	5	5	5
179	0	0	0	0	0	0
180	9	4	4	4	4	4
181	3	3	3	3	3	3
182	4	4	4	4	4	4
183	3	3	3	3	3	3
184	0	0	0	0	0	0
185	7	7	7	7	7	7
186	9	9	9	4	9	9
187	2	2	2	2	2	2
188	5	8	5	5	5	8
189	9	9	9	9	9	9
190	2	2	2	2	2	2
191	6	6	6	6	6	6
192	2	2	2	2	2	2
193	5	5	5	5	5	5
194	6	6	6	6	6	6
195	7	7	7	7	9	7
196	5	5	5	5	5	5
197	9	9	9	9	9	9
198	1	1	1	1	1	1
199	9	3	8	8	8	8
200	3	3	3	3	3	3
201	9	9	9	9	9	9
202	7	7	7	7	7	7
203	3	3	3	3	3	3
204	4	4	4	4	4	4
205	8	8	8	8	8	8
206	9	8	9	9	9	8
207	8	8	8	8	8	8
208	0	0	0	0	0	5
209	1	1	1	1	1	1
210	7	7	7	7	7	7
211	6	6	6	6	6	6
212	8	8	8	8	8	8
213	3	7	7	3	7	7
214	3	3	3	3	3	3
215	1	1	1	1	1	1
216	6	6	6	6	6	6
217	8	8	8	8	8	8
218	1	1	1	1	1	1
219	6	6	6	6	6	6
220	1	1	1	1	1	1
221	6	6	6	6	6	6
222	9	9	9	4	9	9
223	0	0	0	0	0	0
224	7	7	7	7	7	7
225	0	0	0	0	0	0
226	1	1	1	1	1	1
227	2	2	2	2	2	2
228	2	2	2	2	2	2
229	2	2	2	2	2	2
230	8	8	8	8	8	8
231	8	8	8	8	8	8
232	7	7	7	7	7	7
233	9	9	9	9	9	9
234	0	0	0	0	0	0
235	0	0	0	0	0	0
236	4	4	4	4	4	4
237	3	3	3	3	3	3
238	2	6	2	2	2	2
239	3	3	3	3	3	3
240	2	7	2	2	7	7
241	3	3	3	3	3	3
242	8	8	8	8	8	8
243	5	5	5	5	5	5
244	2	8	2	2	2	2
245	8	8	8	8	8	8
246	7	0	7	7	7	0
247	6	6	6	6	6	6
248	7	7	7	7	7	7
249	0	0	0	0	0	0
250	4	4	4	4	4	4
251	1	1	1	1	1	1
252	9	9	9	9	9	9
253	2	3	2	7	7	7
254	2	2	2	2	2	2
255	6	6	6	6	6	6
256	4	4	4	4	4	4
257	9	9	9	9	9	9
258	9	9	9	9	9	9
259	8	8	8	8	8	8
260	4	4	4	4	4	4
261	0	0	0	0	0	0
262	4	4	4	4	4	4
263	9	9	9	9	9	9
264	2	2	2	2	2	2
265	6	6	6	6	6	6
266	3	3	3	3	3	3
267	5	5	5	5	5	5
268	1	1	1	1	1	1
269	9	9	9	9	9	9
270	4	9	4	4	4	9
271	2	2	2	2	2	2
272	8	8	8	8	6	8
273	5	5	5	5	5	5
274	5	5	5	5	5	5
275	7	7	7	7	7	7
276	9	9	9	9	9	9
277	5	5	5	5	5	5
278	7	7	7	7	7	7
279	3	3	3	3	3	3
280	9	9	9	9	9	9
281	8	8	8	8	8	8
282	2	2	2	2	2	2
283	1	1	1	1	1	1
284	2	2	2	2	2	2
285	1	1	1	1	1	1
286	5	2	5	5	3	2
287	0	0	0	0	0	0
288	3	3	3	3	3	3
289	1	1	1	1	1	1
290	4	4	4	4	4	4
291	8	8	8	8	8	8
292	5	5	5	5	5	5
293	7	7	7	9	7	7
294	0	0	0	0	0	0
295	0	8	0	0	0	0
296	7	7	7	7	7	7
297	6	6	6	6	6	6
298	0	0	0	0	0	0
299	8	8	8	8	8	8
300	3	3	3	3	3	3
301	0	0	0	0	0	0
302	2	2	2	2	2	2
303	7	7	7	7	7	7
304	2	2	2	2	2	2
305	4	4	4	4	4	4
306	1	1	1	1	1	1
307	5	5	5	5	5	5
308	9	9	9	9	9	9
309	1	1	1	1	1	1
310	9	9	9	9	9	9
311	2	2	2	2	2	2
312	4	4	4	4	4	4
313	4	4	4	4	4	4
314	5	5	5	5	5	5
315	1	1	1	1	1	1
316	2	2	2	2	2	2
317	5	5	5	5	5	5
318	0	0	0	0	0	0
319	6	6	6	6	6	6
320	7	7	7	7	7	7
321	1	1	1	1	1	1
322	8	8	8	8	8	8
323	1	1	1	1	1	1
324	2	2	2	2	2	2
325	3	3	3	3	3	3
326	6	6	6	6	6	6
327	9	9	7	7	7	9
328	8	8	8	8	8	8
329	5	5	5	5	8	5
330	9	9	9	9	9	9
331	8	8	8	8	8	8
332	5	4	5	5	5	5
333	6	6	6	6	6	6
334	9	9	9	9	9	9
335	1	1	1	1	1	1
336	1	1	1	1	1	1
337	1	1	1	1	1	1
338	5	5	5	5	5	5
339	7	7	7	7	7	7
340	8	8	8	8	8	8
341	5	5	5	6	5	5
342	7	7	7	7	7	7
343	8	8	8	8	8	8
344	2	2	2	2	2	2
345	8	8	8	8	8	8
346	2	2	2	2	2	2
347	6	6	6	6	6	6
348	8	8	8	8	8	8
349	3	3	3	3	3	3
350	3	3	3	2	3	3
351	9	9	9	9	9	9
352	7	7	7	7	7	7
353	1	1	1	1	1	1
354	0	0	0	0	0	0
355	9	9	9	9	9	9
356	4	9	4	4	4	4
357	8	8	8	8	8	8
358	6	0	6	0	0	2
359	8	8	8	1	8	8
360	4	4	4	4	9	4
361	0	0	0	0	0	0
362	5	5	5	5	5	5
363	0	0	0	0	0	0
364	9	9	9	9	9	9
365	7	4	7	2	7	4
366	7	1	7	1	7	7
367	0	0	0	0	0	0
368	0	0	0	0	0	0
369	9	9	9	9	9	9
370	1	1	1	1	1	1
371	7	7	7	7	7	7
372	6	6	6	6	6	6
373	1	1	1	1	1	1
374	4	4	4	4	4	4
375	3	5	5	5	5	5
376	4	4	4	4	4	4
377	1	1	9	1	7	9
378	0	5	0	0	0	5
379	8	8	8	8	8	8
380	4	4	4	4	4	4
381	4	4	4	4	4	4
382	5	5	5	5	5	6
383	6	6	6	6	6	6
384	1	1	1	1	1	1
385	1	1	1	1	1	1
386	2	8	2	2	2	8
387	9	9	9	9	9	9
388	0	0	0	0	0	0
389	3	3	3	3	3	3
390	7	7	7	7	7	7
391	9	9	9	9	9	9
392	6	6	6	6	6	6
393	5	5	5	5	5	5
394	3	3	3	3	3	3
395	6	6	6	6	6	6
396	1	1	1	1	1	1
397	0	0	0	0	0	0
398	9	9	9	9	9	9
399	3	3	3	3	3	3
400	4	4	4	4	4	4
401	3	8	8	8	8	7
402	3	8	8	3	3	8
403	2	2	2	2	2	2
404	2	2	2	2	2	2
405	3	3	3	3	3	3
406	6	6	6	6	6	6
407	7	7	7	7	7	7
408	8	8	8	8	8	8
409	3	1	3	3	3	3
410	7	9	9	7	7	9
411	3	3	3	7	3	7
412	2	3	3	2	3	3
413	6	6	6	6	6	6
414	2	8	2	2	2	8
415	1	1	1	1	1	1
416	3	3	3	3	3	3
417	6	6	6	6	6	6
418	3	3	3	3	3	3
419	8	8	8	8	8	8
420	0	0	0	0	0	0
421	2	2	2	2	2	2
422	6	6	6	6	6	6
423	7	7	7	7	7	7
424	2	2	2	2	2	2
425	9	4	4	4	4	4
426	4	4	4	4	4	7
427	2	2	2	2	2	2
428	6	6	6	6	6	6
429	6	6	6	6	6	6
430	2	6	4	2	2	6
431	6	6	6	6	6	6
432	8	5	8	8	8	8
433	0	0	0	0	0	0
434	2	2	2	2	2	2
435	3	3	3	5	3	3
436	3	3	3	2	3	3
437	9	9	9	9	9	9
438	1	1	1	1	1	1
439	0	0	0	0	0	0
440	4	4	4	4	4	4
441	2	2	2	2	2	2
442	3	3	3	3	3	3
443	2	2	2	2	2	2
444	9	9	9	9	9	9
445	6	6	6	6	6	6
446	9	9	9	4	9	9
447	3	7	7	7	7	7
448	6	4	4	6	4	6
449	0	0	0	0	0	0
450	1	1	1	1	1	1
451	4	4	4	4	4	4
452	7	7	7	7	7	7
453	4	4	4	4	4	4
454	8	8	8	8	8	8
455	1	1	1	1	1	1
456	0	0	0	0	0	0
457	2	2	2	2	2	2
458	0	0	0	0	0	0
459	4	4	4	4	4	4
460	5	5	5	5	5	5
461	1	1	1	1	1	1
462	6	6	6	6	6	6
463	8	8	8	8	8	8
464	9	9	9	9	9	9
465	1	1	1	1	1	1
466	9	9	9	9	9	9
467	9	9	9	9	9	9
468	1	1	1	1	1	1
469	7	7	7	7	7	7
470	3	3	3	3	3	3
471	1	1	1	1	1	1
472	3	3	3	3	3	3
473	4	4	4	4	4	4
474	1	1	1	1	1	1
475	0	0	0	0	0	0
476	4	4	4	4	4	4
477	8	8	8	8	8	8
478	3	3	3	3	3	3
479	5	5	5	5	5	5
480	7	7	7	7	7	7
481	6	6	6	6	6	6
482	2	2	2	2	2	2
483	8	8	8	8	8	8
484	0	0	0	0	0	0
485	9	9	9	9	9	9
486	2	2	2	2	2	2
487	5	5	5	5	5	5
488	2	2	2	0	2	2
489	6	6	2	6	6	6
490	8	8	8	8	8	8
491	1	1	1	1	1	1
492	6	4	6	6	6	4
493	4	4	4	4	4	4
494	0	0	0	0	0	0
495	4	4	4	4	4	4
496	2	2	2	2	2	2
497	9	9	9	9	9	9
498	2	2	2	2	2	2
499	1	1	1	1	1	1
500	8	8	8	8	8	8
501	0	5	0	0	0	5
502	7	9	7	7	7	7
503	9	9	9	9	9	9
504	1	1	1	1	1	1
505	2	8	2	2	2	2
506	3	3	3	3	3	3
507	1	1	1	1	1	1
508	0	0	0	0	0	0
509	1	1	1	1	1	1
510	1	1	1	1	1	1
511	7	7	7	7	7	7
512	7	7	7	7	7	7
513	9	9	9	9	9	9
514	8	8	8	8	8	8
515	8	8	8	8	8	9
516	6	5	5	5	5	5
517	1	1	1	1	1	1
518	6	6	6	6	6	6
519	4	4	4	4	4	4
520	1	1	1	1	1	1
521	0	0	0	0	0	0
522	3	3	3	3	3	3
523	4	4	4	4	4	4
524	3	3	3	3	3	3
525	2	2	2	2	2	2
526	2	2	2	2	2	2
527	3	3	3	3	3	3
528	2	2	2	2	2	2
529	1	1	1	1	1	1
530	1	1	1	1	1	1
531	9	9	9	9	9	9
532	8	8	8	8	8	8
533	0	0	0	0	0	0
534	6	6	6	6	6	6
535	3	3	3	3	3	3
536	7	7	7	7	7	7
537	6	5	6	6	6	6
538	5	5	5	5	5	5
539	1	1	1	1	1	1
540	4	4	4	4	4	4
541	9	9	8	8	8	4
542	1	1	1	1	1	1
543	2	2	2	2	2	2
544	3	6	0	3	3	3
545	3	3	3	3	3	3
546	2	2	2	2	2	2
547	3	7	3	3	9	7
548	1	1	1	1	1	1
549	7	7	7	7	7	7
550	8	8	8	8	8	8
551	5	5	5	5	5	5
552	6	6	6	6	6	6
553	0	0	0	0	0	0
554	6	6	6	6	6	6
555	7	7	7	7	7	7
556	1	1	1	1	1	1
557	1	1	1	1	1	1
558	5	5	5	5	5	5
559	6	6	6	6	6	6
560	4	4	4	4	4	4
561	8	8	8	8	8	8
562	7	7	7	7	7	7
563	6	6	6	6	6	6
564	8	8	8	8	8	8
565	6	6	6	6	6	6
566	0	0	0	0	0	0
567	9	9	9	9	9	9
568	0	0	0	0	0	0
569	5	5	5	5	5	5
570	0	0	0	0	0	0
571	2	2	2	2	2	2
572	2	2	2	2	2	2
573	4	4	4	4	4	4
574	0	0	0	0	0	0
575	5	6	5	5	2	5
576	1	1	1	1	1	1
577	3	3	3	3	3	3
578	1	1	1	1	1	1
579	5	5	5	5	5	5
580	5	5	5	5	5	5
581	2	2	2	2	2	2
582	0	0	0	0	0	0
583	6	5	6	6	5	5
584	8	8	8	8	8	8
585	9	9	9	9	9	9
586	4	4	4	4	4	4
587	8	8	8	8	8	8
588	3	3	3	3	3	3
589	5	5	5	5	5	5
590	6	1	2	8	2	1
591	6	6	6	6	6	6
592	8	1	5	8	8	1
593	2	2	2	2	2	2
594	1	1	1	1	1	1
595	0	0	0	0	0	0
596	6	6	6	6	6	6
597	4	9	4	4	4	4
598	1	1	1	1	1	1
599	6	6	6	6	6	6
600	7	7	7	7	7	7
601	1	1	1	1	1	1
602	1	1	1	1	1	1
603	1	1	1	1	1	1
604	9	9	9	9	9	7
605	2	2	2	2	2	2
606	1	1	1	1	1	1
607	0	0	0	0	0	0
608	7	7	7	7	7	7
609	5	5	5	5	5	5
610	6	6	6	6	6	6
611	4	4	4	4	4	4
612	2	2	2	2	2	2
613	2	2	2	2	2	2
614	7	7	7	7	7	7
615	7	7	7	7	7	7
616	4	4	4	4	4	4
617	4	4	4	4	4	4
618	9	9	9	9	9	9
619	9	9	9	9	9	9
620	0	0	0	0	0	0
621	3	3	3	3	3	3
622	6	1	8	6	6	8
623	2	8	2	2	2	2
624	3	7	7	8	7	3
625	9	9	9	9	9	9
626	6	6	6	6	6	6
627	7	7	7	7	7	7
628	0	0	0	0	0	0
629	0	0	0	0	0	0
630	0	0	0	0	0	0
631	5	5	5	5	5	5
632	0	0	0	0	0	0
633	9	9	9	9	9	9
634	2	2	2	2	2	2
635	2	8	8	2	2	8
636	7	7	7	7	7	7
637	4	9	4	4	4	4
638	7	9	7	7	7	7
639	6	6	6	6	6	6
640	2	2	2	2	2	2
641	2	2	2	2	2	2
642	4	4	4	4	4	4
643	8	9	8	8	8	8
644	3	3	3	3	3	3
645	9	9	9	9	9	9
646	7	7	7	7	7	7
647	6	6	6	6	6	6
648	4	4	4	4	4	4
649	5	5	5	5	5	5
650	4	4	4	4	4	4
651	7	7	7	7	7	7
652	8	8	8	8	8	8
653	1	1	1	1	1	1
654	0	0	0	0	0	0
655	9	9	9	9	9	9
656	0	0	0	0	0	0
657	1	1	1	1	1	1
658	7	7	7	7	7	7
659	2	2	2	2	2	2
660	5	5	5	5	5	5
661	3	3	3	3	3	3
662	6	6	6	6	6	6
663	5	5	5	5	5	0
664	6	6	6	6	6	6
665	3	9	9	9	9	9
666	8	8	8	8	8	8
667	9	9	9	9	9	9
668	5	5	5	5	5	5
669	0	0	0	0	0	0
670	1	1	1	1	1	1
671	2	2	2	2	2	2
672	6	6	6	6	6	6
673	0	0	0	0	0	0
674	5	5	5	5	5	5
675	3	3	3	3	3	3
676	6	6	6	6	6	6
677	1	1	1	1	1	1
678	5	5	5	4	4	8
679	5	5	5	5	5	5
680	0	0	0	0	0	0
681	9	7	7	7	7	7
682	8	8	8	8	8	8
683	7	7	7	7	7	7
684	3	3	3	3	3	3
685	4	4	4	4	4	4
686	6	6	6	6	6	6
687	9	9	9	9	9	9
688	2	2	2	2	2	3
689	2	4	2	2	2	6
690	2	2	2	2	2	2
691	6	6	6	6	6	6
692	0	0	0	0	0	0
693	1	1	2	1	1	2
694	0	0	0	0	0	0
695	1	1	1	1	1	1
696	6	6	6	6	6	6
697	5	5	5	5	5	5
698	1	1	1	1	1	1
699	2	6	2	2	2	6
700	1	1	1	1	1	1
701	1	1	1	1	1	1
702	0	0	0	0	0	0
703	1	1	1	1	1	1
704	3	3	3	3	3	3
705	2	2	2	2	2	2
706	6	6	6	6	6	6
707	9	9	9	9	9	9
708	6	5	5	4	5	5
709	8	8	8	8	8	8
710	3	3	3	3	3	3
711	3	3	3	3	3	3
712	6	6	6	6	6	6
713	1	1	1	1	1	1
714	1	1	1	1	1	1
715	8	8	8	8	8	8
716	2	2	2	2	2	2
717	0	0	0	0	0	0
718	1	1	1	1	1	1
719	2	2	2	2	2	2
720	7	7	7	7	7	7
721	9	9	9	9	9	9
722	9	9	9	9	9	9
723	7	7	7	7	7	7
724	6	6	6	6	6	6
725	1	1	1	1	1	1
726	1	1	1	1	1	1
727	9	9	9	9	9	9
728	8	1	1	1	1	1
729	6	6	6	0	6	6
730	9	9	9	9	9	9
731	7	7	7	7	7	7
732	7	7	7	7	7	7
733	5	8	9	5	5	8
734	9	9	9	9	9	9
735	6	6	6	6	6	6
736	1	1	1	1	1	1
737	1	1	1	1	1	1
738	5	5	5	5	5	5
739	0	0	0	0	0	0
740	7	4	2	7	4	2
741	5	5	5	5	5	5
742	2	2	2	2	2	2
743	0	0	0	0	0	0
744	6	6	6	6	6	6
745	0	0	0	0	0	0
746	8	8	8	8	8	8
747	6	6	6	6	6	6
748	1	1	1	8	2	1
749	8	8	8	8	8	8
750	4	4	4	4	4	4
751	6	6	6	6	6	6
752	5	5	5	5	5	5
753	1	1	1	1	1	1
754	8	3	8	8	8	3
755	7	8	2	7	8	8
756	2	2	2	2	2	4
757	7	7	7	7	7	7
758	0	0	0	0	0	0
759	3	7	3	3	3	7
760	2	2	2	2	2	2
761	3	3	5	3	3	5
762	7	7	7	7	7	7
763	4	9	4	4	4	4
764	1	1	1	1	1	1
765	7	1	7	1	7	7
766	4	4	4	4	4	4
767	5	5	5	5	5	5
768	3	3	3	3	3	3
769	5	5	5	5	5	5
770	5	5	5	5	5	5
771	1	1	1	1	1	1
772	9	7	7	7	7	7
773	1	1	1	1	1	1
774	6	6	6	6	6	6
775	4	2	4	4	4	2
776	5	4	5	5	5	8
777	8	8	8	8	8	8
778	0	0	0	0	0	0
779	0	8	0	0	0	0
780	6	6	6	6	6	6
781	2	2	2	2	2	2
782	5	5	5	5	5	5
783	5	5	7	1	5	0
784	2	2	2	2	2	2
785	2	2	2	2	2	2
786	7	7	7	7	7	7
787	1	1	1	1	1	1
788	5	5	5	5	5	5
789	7	7	7	7	7	7
790	8	5	8	8	8	8
791	0	0	0	0	0	0
792	0	0	0	0	0	0
793	6	6	6	6	6	6
794	8	8	8	8	8	8
795	5	8	5	5	5	2
796	6	6	6	6	6	6
797	8	8	8	8	8	8
798	5	5	5	5	5	5
799	9	9	9	9	9	9
800	0	0	0	0	0	0
801	4	4	4	4	4	4
802	6	6	6	6	6	6
803	0	0	0	0	0	0
804	0	0	0	0	0	0
805	3	3	3	3	3	3
806	7	7	7	7	7	7
807	9	9	9	9	9	9
808	2	6	2	2	2	2
809	2	8	2	2	2	2
810	3	3	3	3	3	3
811	1	1	1	1	1	1
812	9	9	9	9	9	9
813	9	9	9	9	9	9
814	3	3	3	3	3	3
815	3	3	3	3	3	3
816	1	1	1	1	1	1
817	0	0	0	0	0	0
818	0	0	0	0	0	0
819	9	9	9	4	9	9
820	1	1	1	1	1	1
821	2	2	2	2	2	2
822	1	1	1	1	1	1
823	3	3	3	3	8	3
824	0	0	0	0	0	0
825	9	9	9	9	9	9
826	0	0	0	0	0	0
827	2	8	2	2	2	2
828	6	6	6	6	6	6
829	0	0	0	0	0	0
830	6	6	6	6	6	6
831	9	9	8	8	9	9
832	9	9	9	9	9	9
833	8	8	5	5	8	5
834	4	9	4	4	4	4
835	3	8	8	3	0	8
836	4	4	4	4	4	4
837	6	6	6	6	6	6
838	5	5	5	5	5	5
839	8	9	8	8	8	8
840	4	4	4	4	4	0
841	1	1	1	1	1	1
842	5	5	5	5	5	5
843	6	6	6	6	6	6
844	6	6	6	6	6	6
845	4	4	4	4	4	4
846	4	9	4	4	9	9
847	3	0	3	5	0	3
848	2	8	8	8	8	8
849	0	0	0	0	0	0
850	7	7	7	7	7	7
851	9	9	9	9	9	9
852	2	2	2	2	2	2
853	8	8	8	8	8	8
854	9	8	8	9	3	8
855	4	4	4	4	4	4
856	6	6	6	6	6	6
857	5	5	5	5	5	5
858	8	8	8	8	8	8
859	4	4	4	4	4	4
860	4	4	4	4	4	4
861	3	3	3	3	3	3
862	7	7	7	7	7	7
863	9	9	9	9	9	9
864	6	6	6	6	6	6
865	7	8	7	7	7	9
866	3	3	3	3	3	3
867	3	7	7	3	7	7
868	3	3	3	2	3	3
869	6	5	6	6	6	5
870	5	5	5	5	5	5
871	1	1	1	1	1	1
872	2	6	6	6	6	2
873	4	4	4	4	4	4
874	2	8	2	2	2	2
875	4	4	4	4	4	4
876	5	5	5	5	5	5
877	1	1	1	1	1	1
878	9	9	9	9	9	9
879	1	1	1	1	1	1
880	8	8	8	8	8	8
881	4	4	4	4	4	4
882	4	4	4	4	4	4
883	6	6	6	6	6	6
884	7	7	7	7	7	7
885	0	0	0	0	0	0
886	3	3	3	3	3	5
887	8	8	8	8	8	8
888	3	3	3	3	3	3
889	2	3	3	3	2	3
890	1	1	1	1	1	1
891	3	3	3	3	3	3
892	4	4	4	4	4	4
893	7	7	7	7	7	7
894	6	6	6	6	6	6
895	4	4	4	4	4	4
896	7	7	7	7	7	7
897	1	1	1	1	1	1
898	9	9	9	9	9	9
899	9	9	9	9	9	9
900	0	0	0	0	0	0
901	8	8	8	8	8	8
902	3	3	3	3	9	3
903	3	3	3	3	3	3
904	8	8	8	8	8	8
905	7	7	7	9	7	7
906	5	5	5	5	5	5
907	3	3	3	3	3	3
908	3	3	3	3	3	3
909	5	6	6	5	6	6
910	7	9	7	7	7	7
911	3	3	3	3	3	3
912	7	7	7	7	7	7
913	4	4	4	4	4	4
914	7	7	9	7	9	7
915	7	7	7	7	7	7
916	1	1	1	1	1	1
917	4	4	4	4	4	4
918	6	6	6	6	6	6
919	8	8	2	1	1	8
920	5	5	5	5	5	5
921	0	8	8	8	0	8
922	8	8	8	8	8	8
923	6	6	6	6	6	6
924	4	4	4	4	4	4
925	2	3	2	2	2	3
926	1	1	1	1	1	1
927	4	4	4	4	4	4
928	3	3	3	3	3	3
929	9	9	9	9	9	9
930	1	1	1	1	1	1
931	9	9	9	9	9	9
932	8	8	8	8	8	8
933	1	1	1	1	1	1
934	8	8	8	8	8	8
935	6	6	6	6	6	6
936	8	9	9	8	8	9
937	6	6	6	6	6	6
938	1	1	1	1	1	1
939	0	0	0	0	0	0
940	3	3	3	3	3	3
941	1	1	1	1	1	1
942	5	5	5	5	5	5
943	9	9	9	9	9	9
944	2	8	3	2	2	8
945	3	0	3	5	0	3
946	5	5	5	5	5	5
947	0	0	0	0	0	0
948	9	9	9	9	9	9
949	7	7	7	7	7	7
950	1	1	1	1	1	1
951	7	7	7	7	7	7
952	0	0	0	0	0	0
953	2	2	2	2	2	2
954	7	7	7	7	7	7
955	6	8	4	0	2	6
956	6	6	6	6	6	6
957	0	0	0	0	0	0
958	9	9	9	9	9	9
959	0	0	0	0	0	0
960	5	5	5	5	5	5
961	9	9	9	7	9	9
962	8	8	8	8	8	8
963	9	9	4	4	4	4
964	2	2	2	2	2	2
965	9	9	9	9	9	9
966	5	7	7	5	5	7
967	9	9	9	9	9	9
968	0	0	0	0	0	0
969	1	1	1	1	1	1
970	2	6	2	2	2	2
971	8	8	8	8	8	8
972	0	0	0	0	0	0
973	8	8	8	8	8	8
974	5	7	5	5	5	5
975	4	4	4	4	4	4
976	2	2	2	2	2	2
977	0	0	0	0	0	0
978	1	1	1	1	1	1
979	8	8	8	8	8	8
980	3	3	3	3	3	3
981	2	2	2	2	2	2
982	3	3	3	0	3	3
983	2	2	2	2	2	2
984	7	7	7	7	7	7
985	3	3	3	3	3	3
986	9	4	4	4	4	4
987	1	1	1	1	1	1
988	0	0	0	0	0	0
989	2	2	2	2	2	2
990	3	3	3	3	3	3
991	0	0	0	0	0	0
992	0	0	0	0	0	0
993	2	2	2	2	2	2
994	0	0	0	0	0	0
995	3	3	3	3	3	3
996	4	4	4	4	4	4
997	0	0	0	0	0	0
998	8	8	8	8	8	8
999	3	3	3	3	3	3
1000	3	3	3	3	3	3
1001	1	1	1	1	1	1
1002	4	4	6	0	4	4
1003	9	7	9	9	9	9
1004	0	0	0	0	0	0
1005	2	2	2	2	2	2
1006	0	0	0	0	0	0
1007	8	8	8	8	8	8
1008	0	0	0	0	0	0
1009	1	1	1	1	1	1
1010	8	8	8	8	8	8
1011	2	2	2	3	2	3
1012	4	9	4	4	4	4
1013	3	3	3	3	3	3
1014	9	9	9	9	9	9
1015	6	6	6	6	6	6
1016	1	1	1	1	1	1
1017	4	9	4	4	4	9
1018	7	7	7	7	7	7
1019	9	4	4	4	4	4
1020	6	6	6	6	6	6
1021	9	9	9	9	9	9
1022	2	2	2	2	2	2
1023	8	8	8	8	8	8
1024	6	6	6	6	6	6
1025	4	4	4	4	4	4
1026	6	6	6	6	6	6
1027	9	9	9	9	9	9
1028	3	3	3	3	3	3
1029	0	0	0	0	0	0
1030	3	8	8	0	8	3
1031	0	0	0	0	0	0
1032	3	3	3	3	3	5
1033	2	1	2	2	2	6
1034	9	9	9	9	9	9
1035	1	1	1	1	1	1
1036	9	9	9	9	9	9
1037	8	4	8	8	8	8
1038	0	0	0	0	0	0
1039	8	8	8	8	8	8
1040	6	6	6	6	6	6
1041	3	3	3	3	3	3
1042	2	8	2	2	2	8
1043	3	3	3	3	3	3
1044	5	3	5	5	3	3
1045	7	9	9	9	7	9
1046	8	8	8	8	8	8
1047	3	3	3	3	3	3
1048	0	0	0	0	0	0
1049	9	9	9	9	9	9
1050	8	1	8	8	8	1
1051	8	8	8	8	8	8
1052	0	0	0	0	0	0
1053	4	4	4	4	4	4
1054	3	3	3	3	3	3
1055	2	4	2	2	2	4
1056	2	2	2	2	2	2
1057	3	3	3	3	3	3
1058	3	3	3	3	3	3
1059	6	6	6	6	6	6
1060	8	8	8	8	8	5
1061	3	3	3	3	3	3
1062	1	1	1	1	1	1
1063	9	9	4	4	4	4
1064	4	4	4	4	4	4
1065	7	7	7	7	7	7
1066	7	1	7	7	7	8
1067	6	6	6	6	6	6
1068	9	9	9	9	9	9
1069	8	8	8	8	8	8
1070	1	1	1	1	1	1
1071	3	3	3	3	3	3
1072	2	2	2	2	2	2
1073	0	0	0	0	0	0
1074	4	4	4	4	4	4
1075	2	2	2	2	2	2
1076	1	1	1	1	1	1
1077	3	3	3	3	3	3
1078	8	5	8	8	8	8
1079	3	8	8	8	8	8
1080	5	5	5	5	5	5
1081	9	9	9	9	9	9
1082	0	0	0	0	0	0
1083	2	2	2	2	2	2
1084	5	5	5	5	5	5
1085	4	4	4	4	4	4
1086	1	1	1	1	1	1
1087	3	3	9	3	9	3
1088	6	6	6	2	6	5
1089	2	4	2	8	2	8
1090	4	4	4	4	4	4
1091	6	6	6	6	6	6
1092	4	4	4	4	4	4
1093	7	8	7	7	7	9
1094	7	7	9	7	9	7
1095	8	2	8	8	8	8
1096	7	7	7	7	7	7
1097	2	2	2	2	2	2
1098	2	7	7	7	7	7
1099	2	2	2	2	2	2
1100	6	6	6	6	6	6
1101	0	0	0	0	0	0
1102	4	4	4	4	4	4
1103	9	9	9	9	9	9
1104	3	3	3	3	3	3
1105	1	1	1	1	1	1
1106	9	9	9	7	9	9
1107	6	6	6	6	6	6
1108	3	8	8	3	3	8
1109	0	0	0	0	0	0
1110	8	8	8	8	8	8
1111	3	3	3	3	3	3
1112	5	5	5	5	5	5
1113	2	2	2	2	2	2
1114	9	9	9	9	9	9
1115	3	3	5	5	5	3
1116	3	3	3	3	3	3
1117	6	6	6	6	6	6
1118	9	9	9	9	9	9
1119	8	1	8	8	8	8
1120	6	6	6	6	6	6
1121	3	3	3	3	3	3
1122	8	8	8	8	8	8
1123	9	9	4	4	4	4
1124	3	3	3	3	3	3
1125	2	2	2	2	2	2
1126	1	1	1	1	1	1
1127	2	2	2	2	2	2
1128	8	8	8	8	8	8
1129	8	8	8	8	8	8
1130	6	6	6	6	6	6
1131	8	8	8	8	8	8
1132	8	8	8	8	8	8
1133	7	7	7	7	7	7
1134	6	6	6	6	6	6
1135	1	1	1	1	1	1
1136	9	9	9	9	9	9
1137	2	2	2	2	2	2
1138	5	5	5	5	5	5
1139	8	8	8	2	8	8
1140	1	1	1	1	1	1
1141	7	2	7	7	2	2
1142	1	1	1	1	1	1
1143	5	5	5	5	5	5
1144	7	7	7	7	7	7
1145	8	8	8	8	8	8
1146	5	5	5	5	5	5
1147	4	4	4	4	4	4
1148	7	7	7	7	7	7
1149	3	3	3	3	3	3
1150	3	3	3	3	3	3
1151	0	0	0	0	0	0
1152	4	4	4	4	4	4
1153	3	5	3	3	3	5
1154	5	5	5	5	5	5
1155	2	2	2	2	2	2
1156	2	2	2	2	2	2
1157	7	7	7	7	7	7
1158	0	0	0	0	0	0
1159	1	1	1	1	1	1
1160	7	7	7	7	7	7
1161	4	4	4	4	4	4
1162	9	9	9	9	9	9
1163	6	6	6	6	6	6
1164	5	5	5	5	5	5
1165	9	9	9	9	9	9
1166	0	0	0	0	0	0
1167	7	7	7	9	7	7
1168	9	4	9	4	9	4
1169	9	9	9	9	9	9
1170	7	7	7	7	7	7
1171	0	0	0	0	0	0
1172	0	0	0	0	0	0
1173	8	8	8	8	8	8
1174	3	3	3	3	3	3
1175	9	9	9	9	9	9
1176	6	0	0	6	6	0
1177	8	8	8	8	8	8
1178	6	6	6	6	6	6
1179	7	7	7	7	7	7
1180	7	7	7	7	7	7
1181	8	8	8	8	8	8
1182	3	3	3	3	3	3
1183	3	3	3	3	3	3
1184	1	1	1	1	1	1
1185	8	8	8	8	8	8
1186	2	2	2	2	2	2
1187	2	8	0	0	0	6
1188	2	4	2	2	2	4
1189	2	2	2	3	2	2
1190	6	6	6	6	6	6
1191	7	7	7	7	7	7
1192	1	1	1	1	1	1
1193	2	2	2	2	2	2
1194	7	9	7	9	7	9
1195	2	2	2	2	2	2
1196	2	2	2	2	2	2
1197	2	2	2	2	2	2
1198	9	9	9	9	9	9
1199	2	0	2	2	0	2
1200	1	1	1	1	1	1
1201	4	9	4	4	4	4
1202	8	1	1	8	8	8
1203	3	3	2	3	3	3
1204	3	8	8	8	8	8
1205	6	0	6	6	6	0
1206	4	4	4	4	4	4
1207	2	4	4	9	4	4
1208	6	4	6	6	6	6
1209	5	5	5	5	5	5
1210	8	4	8	8	8	8
1211	8	8	8	8	8	8
1212	6	6	6	6	6	6
1213	9	9	9	9	9	9
1214	6	6	6	6	6	6
1215	8	8	8	8	8	8
1216	6	6	6	6	6	6
1217	3	3	3	3	3	3
1218	9	9	9	9	9	9
1219	7	7	7	7	7	7
1220	9	1	9	4	1	1
1221	3	3	3	3	3	3
1222	6	4	4	6	4	7
1223	8	4	4	4	4	4
1224	7	7	7	7	7	7
1225	7	7	7	7	7	7
1226	2	2	2	2	2	2
1227	7	7	7	7	7	7
1228	6	6	6	6	6	6
1229	7	7	9	7	7	7
1230	7	7	7	7	7	7
1231	8	1	5	6	6	6
1232	9	9	9	9	9	9
1233	7	7	7	2	7	7
1234	1	1	8	9	1	1
1235	0	0	0	0	6	0
1236	0	0	0	0	0	0
1237	2	2	2	2	2	2
1238	1	1	1	1	1	1
1239	0	0	0	0	0	0
1240	9	9	9	9	9	9
1241	6	6	6	6	6	6
1242	3	3	3	3	3	3
1243	7	1	7	7	3	2
1244	6	6	6	6	6	5
1245	1	1	1	1	1	1
1246	1	1	1	1	1	1
1247	4	4	4	4	4	4
1248	0	0	0	0	0	0
1249	9	9	9	9	9	9
1250	4	4	4	4	4	4
1251	0	0	0	0	0	0
1252	0	0	0	0	0	0
1253	5	5	5	5	5	5
1254	9	9	9	4	9	9
1255	1	1	1	1	1	1
1256	0	0	0	0	0	0
1257	9	9	9	9	9	9
1258	0	0	5	0	3	0
1259	3	8	3	3	3	3
1260	9	9	9	4	9	9
1261	5	5	8	5	8	5
1262	2	4	2	2	2	4
1263	6	6	6	6	6	6
1264	6	6	6	6	6	6
1265	7	7	7	7	7	7
1266	1	1	1	1	1	1
1267	6	6	6	6	6	6
1268	7	7	7	7	7	7
1269	0	0	0	0	0	0
1270	4	4	4	4	4	4
1271	2	8	2	2	2	8
1272	9	9	9	9	9	9
1273	0	0	0	0	0	0
1274	7	7	7	7	7	7
1275	1	1	1	1	1	1
1276	0	0	0	0	0	0
1277	9	9	4	7	9	7
1278	6	6	6	6	6	6
1279	3	3	3	3	3	3
1280	4	4	4	4	4	4
1281	2	2	2	2	2	2
1282	8	8	8	8	8	8
1283	1	1	1	1	1	1
1284	4	4	4	4	4	4
1285	1	1	1	1	1	1
1286	0	0	0	0	0	0
1287	7	7	7	7	7	7
1288	2	2	2	2	2	2
1289	2	2	2	2	2	2
1290	3	3	3	3	3	3
1291	9	9	9	9	9	9
1292	3	3	3	2	2	3
1293	0	0	0	0	0	0
1294	8	8	8	8	8	8
1295	9	9	9	9	9	0
1296	1	1	1	1	1	1
1297	5	8	5	5	5	5
1298	9	9	9	9	9	9
1299	6	6	6	6	6	6
1300	3	8	8	3	8	7
1301	5	5	5	5	5	5
1302	5	5	5	5	5	5
1303	4	4	4	4	4	4
1304	3	3	3	3	3	3
1305	9	9	3	3	3	3
1306	1	1	1	1	1	1
1307	7	7	7	7	7	7
1308	1	1	1	1	1	1
1309	9	9	9	7	9	7
1310	9	9	9	7	9	7
1311	0	0	0	0	0	0
1312	2	2	2	2	2	2
1313	3	3	3	3	3	3
1314	2	3	2	2	2	2
1315	4	4	4	4	4	4
1316	8	8	8	8	8	8
1317	2	8	2	2	2	8
1318	6	6	6	6	6	6
1319	7	7	7	7	7	7
1320	8	8	8	8	8	8
1321	0	0	0	0	0	0
1322	9	1	4	4	4	9
1323	8	8	8	8	8	8
1324	7	7	7	7	7	7
1325	5	5	5	5	5	5
1326	4	4	4	4	4	4
1327	4	4	4	4	4	4
1328	5	5	5	5	5	5
1329	0	0	0	0	0	0
1330	7	7	7	7	7	7
1331	4	4	4	4	4	4
1332	3	3	3	3	3	3
1333	1	1	1	1	1	1
1334	8	5	8	8	8	8
1335	2	8	8	2	2	2
1336	2	2	2	2	2	2
1337	4	4	4	4	4	4
1338	0	0	0	0	0	0
1339	5	5	5	5	5	5
1340	1	1	1	1	1	1
1341	5	5	5	5	5	5
1342	2	2	2	2	2	2
1343	1	1	1	1	1	1
1344	7	7	7	7	7	7
1345	8	8	8	8	8	8
1346	5	5	5	5	5	5
1347	7	7	7	7	7	7
1348	7	7	7	7	7	7
1349	4	4	4	4	4	4
1350	9	8	8	0	9	8
1351	3	3	3	3	3	3
1352	0	0	0	5	0	0
1353	9	9	9	9	9	9
1354	0	0	0	0	0	0
1355	6	6	6	3	6	6
1356	3	3	3	3	3	3
1357	4	4	4	4	4	4
1358	7	7	7	7	7	7
1359	9	9	9	9	9	9
1360	9	9	9	9	9	9
1361	2	2	2	2	2	2
1362	5	5	5	5	5	5
1363	8	8	8	8	8	8
1364	7	7	2	2	7	7
1365	9	9	9	9	9	9
1366	0	0	3	0	0	0
1367	5	5	5	5	5	5
1368	8	8	8	8	8	8
1369	2	2	2	2	2	2
1370	2	2	2	2	2	2
1371	5	4	4	5	5	4
1372	9	9	9	4	9	9
1373	2	4	2	2	2	4
1374	8	4	9	9	9	9
1375	8	8	8	8	8	8
1376	7	7	7	7	7	7
1377	6	6	6	6	6	6
1378	2	6	6	2	2	6
1379	2	2	2	2	2	2
1380	6	6	6	6	6	6
1381	3	3	3	3	3	3
1382	8	8	8	8	8	8
1383	7	8	8	7	7	8
1384	0	0	0	0	0	0
1385	1	1	1	1	1	1
1386	3	8	8	8	8	8
1387	7	7	7	7	7	7
1388	7	7	7	7	7	7
1389	7	7	7	7	7	7
1390	5	5	5	5	5	5
1391	3	8	8	8	8	3
1392	0	0	0	0	0	0
1393	6	6	6	6	6	6
1394	8	8	8	8	8	8
1395	9	9	9	9	9	9
1396	3	3	3	3	3	3
1397	6	6	6	6	6	6
1398	1	1	1	1	1	1
1399	2	2	2	2	2	2
1400	8	8	8	8	8	8
1401	7	7	7	7	7	7
1402	7	7	7	7	7	7
1403	9	9	9	9	9	9
1404	0	0	0	0	0	0
1405	0	0	0	0	0	0
1406	1	1	1	1	1	1
1407	7	9	7	7	7	7
1408	9	7	9	9	9	7
1409	1	1	1	1	1	1
1410	6	6	6	6	6	6
1411	2	2	2	2	2	2
1412	0	0	0	0	0	0
1413	3	3	3	3	3	3
1414	9	9	9	9	9	9
1415	5	5	5	5	5	5
1416	2	2	2	2	2	2
1417	2	7	2	2	2	8
1418	6	6	6	6	6	6
1419	6	6	6	6	6	6
1420	3	3	3	3	3	3
1421	6	6	6	6	6	6
1422	9	9	9	9	9	9
1423	1	1	1	1	1	1
1424	0	0	0	0	0	0
1425	0	0	0	0	0	0
1426	0	0	0	0	0	0
1427	9	9	9	9	9	9
1428	4	4	4	4	4	4
1429	5	5	5	5	5	5
1430	1	1	1	1	1	1
1431	9	9	9	4	9	9
1432	7	7	7	7	7	7
1433	5	5	5	5	5	5
1434	5	5	5	5	5	5
1435	1	1	1	1	1	1
1436	1	1	1	1	1	1
1437	7	7	7	7	7	7
1438	6	6	6	6	6	6
1439	0	0	0	0	0	0
1440	6	0	6	6	6	0
1441	3	3	3	3	3	3
1442	9	7	7	7	9	7
1443	6	6	6	6	6	6
1444	5	3	5	5	5	5
1445	8	9	8	8	8	8
1446	1	1	1	1	1	1
1447	3	3	3	5	5	3
1448	7	7	7	7	7	7
1449	3	3	2	3	2	2
1450	1	1	1	1	1	1
1451	6	5	6	6	6	5
1452	2	2	2	2	2	2
1453	3	6	2	2	2	6
1454	0	0	0	0	0	0
1455	3	3	3	3	3	3
1456	9	9	9	9	9	9
1457	9	9	9	9	9	9
1458	7	7	7	7	7	7
1459	0	0	0	0	0	0
1460	8	8	8	8	8	8
1461	3	3	3	3	3	3
1462	5	5	5	5	5	5
1463	6	6	6	6	6	6
1464	6	6	6	6	6	6
1465	9	9	9	9	9	9
1466	6	6	6	6	6	6
1467	3	8	8	8	8	8
1468	7	1	7	7	7	7
1469	0	0	0	0	0	0
1470	9	9	9	9	9	9
1471	8	8	8	8	8	8
1472	1	1	1	1	1	1
1473	3	3	3	3	3	3
1474	6	6	6	6	6	6
1475	3	3	3	3	3	3
1476	5	5	5	5	5	5
1477	3	1	1	1	1	3
1478	6	6	6	6	6	6
1479	5	5	5	5	5	5
1480	5	5	3	5	5	5
1481	4	4	4	4	4	4
1482	6	6	6	6	6	6
1483	0	0	0	0	0	0
1484	7	7	7	7	7	7
1485	6	6	6	6	6	6
1486	6	6	6	6	6	6
1487	5	5	5	5	5	5
1488	6	6	6	6	6	6
1489	8	8	8	8	8	8
1490	5	5	5	5	5	5
1491	1	1	1	1	1	1
1492	7	7	7	7	7	7
1493	3	3	3	3	3	3
1494	9	8	9	7	9	8
1495	7	1	7	7	7	8
1496	6	6	6	6	6	6
1497	9	9	9	4	9	9
1498	1	1	1	1	1	1
1499	2	2	2	2	2	2
1500	2	2	5	2	2	2
1501	5	5	5	5	5	5
1502	4	4	4	4	4	4
1503	7	7	7	7	7	7
1504	6	6	6	6	6	6
1505	9	4	4	4	4	9
1506	9	9	9	9	9	9
1507	7	7	7	7	7	7
1508	1	1	1	1	1	1
1509	4	4	4	4	4	4
1510	9	9	9	9	9	9
1511	9	9	9	9	9	9
1512	6	2	6	6	6	6
1513	3	3	9	3	3	3
1514	2	9	4	2	2	9
1515	5	3	5	5	3	5
1516	5	5	5	5	5	5
1517	2	2	2	2	2	2
1518	8	8	8	8	8	8
1519	2	2	2	2	2	2
1520	0	0	0	0	0	0
1521	6	6	6	6	6	6
1522	9	4	4	4	4	4
1523	2	2	2	2	2	2
1524	7	7	7	7	7	7
1525	3	3	3	3	3	3
1526	2	2	2	2	2	2
1527	7	9	7	7	7	7
1528	8	8	8	8	8	8
1529	3	3	3	3	3	3
1530	4	4	4	4	4	4
1531	5	5	8	5	5	5
1532	1	1	1	1	1	1
1533	9	4	4	4	4	4
1534	8	8	8	8	8	8
1535	4	4	4	4	4	4
1536	2	2	2	2	2	2
1537	1	1	1	1	1	1
1538	7	7	7	7	7	7
1539	4	4	4	4	4	4
1540	7	7	7	7	7	7
1541	2	6	2	2	2	2
1542	4	4	4	4	4	4
1543	3	3	3	3	3	3
1544	3	3	3	3	3	3
1545	3	3	8	8	8	3
1546	7	7	7	7	7	7
1547	1	1	1	1	1	1
1548	4	4	4	4	4	4
1549	4	4	4	4	4	4
1550	3	3	3	3	3	3
1551	2	2	2	2	2	2
1552	2	2	2	2	2	2
1553	9	7	7	7	7	7
1554	6	6	6	6	6	6
1555	7	7	7	7	7	7
1556	8	8	8	8	8	8
1557	3	3	3	3	3	3
1558	1	1	1	1	1	1
1559	9	9	9	9	9	9
1560	4	4	4	4	4	6
1561	1	1	1	1	1	1
1562	7	7	2	2	9	9
1563	7	7	7	7	7	7
1564	5	5	5	5	5	5
1565	2	6	2	2	2	2
1566	0	0	0	0	0	0
1567	9	4	9	9	8	9
1568	4	4	4	4	4	4
1569	8	8	8	8	8	8
1570	9	9	9	9	9	9
1571	3	3	3	3	3	3
1572	6	6	6	6	6	6
1573	1	1	1	1	1	1
1574	9	9	9	9	9	9
1575	6	6	6	6	6	6
1576	1	1	1	1	1	1
1577	2	2	2	2	2	2
1578	5	5	5	6	5	5
1579	2	2	2	2	2	2
1580	9	4	9	9	9	4
1581	5	9	5	5	5	5
1582	3	3	3	3	3	3
1583	9	9	9	9	9	9
1584	8	8	8	8	8	8
1585	7	7	7	7	7	7
1586	3	3	5	5	3	3
1587	5	5	5	5	5	5
1588	3	5	3	3	3	5
1589	3	8	8	3	8	8
1590	0	0	0	0	0	0
1591	9	9	9	9	9	9
1592	2	2	2	2	2	2
1593	4	4	4	4	4	4
1594	6	6	6	6	6	6
1595	8	8	8	8	8	8
1596	0	0	0	0	0	0
1597	8	1	8	8	8	1
1598	7	7	7	7	7	7
1599	2	2	2	2	2	2
1600	9	9	9	9	9	9
1601	7	7	7	7	7	7
1602	5	5	5	5	5	5
1603	8	6	8	8	8	2
1604	8	8	8	8	8	8
1605	0	0	0	0	0	0
1606	0	0	0	0	0	0
1607	4	4	4	4	4	4
1608	3	2	3	3	2	2
1609	5	5	5	5	5	5
1610	4	4	4	4	4	4
1611	0	0	0	0	0	0
1612	9	9	9	9	9	9
1613	1	1	1	1	1	1
1614	4	4	4	4	4	4
1615	0	0	0	0	0	0
1616	2	2	2	2	2	2
1617	9	9	7	7	9	7
1618	2	2	2	2	2	2
1619	3	3	2	3	8	3
1620	8	8	8	8	8	8
1621	9	9	9	9	9	9
1622	9	9	9	9	9	9
1623	9	9	7	7	9	9
1624	4	4	4	4	4	4
1625	9	9	9	9	9	9
1626	3	3	3	3	3	3
1627	4	9	4	4	4	4
1628	3	3	3	3	3	3
1629	8	8	8	8	8	8
1630	8	8	8	8	8	8
1631	4	4	4	4	4	4
1632	0	0	0	0	0	0
1633	4	4	4	9	4	4
1634	3	3	3	3	3	3
1635	8	8	8	8	8	8
1636	9	9	9	9	9	9
1637	2	3	8	2	2	2
1638	9	9	9	9	9	9
1639	7	4	7	7	4	4
1640	8	8	8	8	8	8
1641	0	0	0	0	0	0
1642	4	9	4	4	4	4
1643	0	0	0	0	0	0
1644	8	8	8	8	8	8
1645	5	5	5	5	5	5
1646	4	4	4	4	4	4
1647	2	8	8	8	8	8
1648	9	9	9	4	4	9
1649	3	3	3	3	3	3
1650	1	1	1	1	1	1
1651	1	1	1	1	1	1
1652	2	2	0	0	0	0
1653	3	3	3	3	3	3
1654	3	3	3	3	3	3
1655	9	9	9	9	9	9
1656	4	4	4	4	4	4
1657	9	9	9	9	9	9
1658	7	7	7	7	7	7
1659	1	1	1	1	1	1
1660	4	4	4	4	4	4
1661	9	9	7	8	4	9
1662	4	8	4	4	4	9
1663	1	1	1	2	1	2
1664	7	7	7	7	7	7
1665	9	9	9	9	9	9
1666	2	2	2	2	2	2
1667	7	7	7	7	7	7
1668	8	8	8	8	8	8
1669	3	3	3	3	3	3
1670	2	2	2	2	2	2
1671	1	1	1	1	1	1
1672	2	2	2	2	2	2
1673	4	4	4	4	4	4
1674	3	3	3	3	3	3
1675	7	7	7	7	7	7
1676	8	8	8	8	8	8
1677	1	1	1	1	1	1
1678	0	0	0	0	0	0
1679	5	5	5	5	5	5
1680	9	9	9	9	9	9
1681	0	0	0	0	0	0
1682	3	3	3	3	3	3
1683	3	8	3	3	3	8
1684	5	5	5	6	5	5
1685	1	1	1	1	1	1
1686	7	7	7	7	7	7
1687	7	7	7	7	7	7
1688	1	1	1	1	1	1
1689	2	2	2	2	2	2
1690	6	6	6	6	6	6
1691	1	1	1	1	1	1
1692	2	2	2	2	2	2
1693	6	6	6	6	6	6
1694	6	6	6	6	6	6
1695	5	5	5	5	5	5
1696	0	0	0	0	0	0
1697	7	7	7	7	7	7
1698	9	9	9	4	9	4
1699	7	9	7	7	7	7
1700	7	7	7	7	7	7
1701	8	8	8	8	8	8
1702	3	3	3	3	3	3
1703	4	4	2	4	4	4
1704	0	0	0	0	0	0
1705	5	5	5	5	5	3
1706	9	9	9	4	9	4
1707	3	1	3	3	3	3
1708	7	7	7	7	7	7
1709	0	0	0	0	0	0
1710	6	5	5	5	6	5
1711	7	7	7	7	7	7
1712	3	3	3	3	3	3
1713	1	1	1	1	1	1
1714	8	8	8	8	8	8
1715	6	6	6	6	6	6
1716	0	0	0	0	0	0
1717	4	4	4	4	4	4
1718	5	4	5	5	5	5
1719	6	6	6	6	6	6
1720	9	9	9	9	9	9
1721	3	3	3	3	3	3
1722	2	2	2	2	2	2
1723	1	1	1	1	1	1
1724	6	6	6	6	6	6
1725	4	4	4	4	4	4
1726	4	9	4	4	4	4
1727	3	3	3	3	3	3
1728	7	8	8	7	8	8
1729	7	7	7	7	7	7
1730	8	9	9	8	9	8
1731	3	3	3	3	3	3
1732	4	4	4	4	4	4
1733	7	7	7	7	7	7
1734	3	3	3	3	3	3
1735	9	9	9	9	9	9
1736	3	3	3	3	3	3
1737	9	4	6	4	4	4
1738	1	1	1	1	1	1
1739	1	1	1	1	1	1
1740	5	5	5	5	5	5
1741	5	5	5	5	5	2
1742	2	6	6	2	6	6
1743	0	4	5	5	5	0
1744	9	8	8	8	8	8
1745	9	9	9	9	9	9
1746	3	8	8	3	8	8
1747	7	7	7	7	7	7
1748	0	0	0	0	0	0
1749	5	5	5	5	5	5
1750	3	3	3	3	3	5
1751	3	3	3	3	3	3
1752	4	9	4	4	4	4
1753	0	0	0	0	0	0
1754	6	5	6	6	6	6
1755	6	6	6	6	6	6
1756	0	0	0	0	0	0
1757	1	1	1	1	1	1
1758	3	3	3	3	3	3
1759	0	0	0	0	0	0
1760	2	2	2	2	2	2
1761	5	5	5	5	5	5
1762	1	1	1	1	1	1
1763	4	4	4	4	4	4
1764	0	0	0	0	0	0
1765	3	3	3	3	3	3
1766	7	7	7	7	7	7
1767	9	9	9	9	9	9
1768	6	6	6	6	6	6
1769	7	7	7	7	7	7
1770	1	1	1	1	1	1
1771	8	8	8	8	8	8
1772	7	7	7	7	7	7
1773	2	2	2	2	2	2
1774	3	8	3	3	3	3
1775	8	8	8	8	8	8
1776	8	8	8	8	8	8
1777	9	9	9	9	9	9
1778	7	7	7	7	7	7
1779	2	2	2	2	2	2
1780	6	6	6	6	6	6
1781	1	1	1	1	1	1
1782	6	6	6	6	6	6
1783	9	9	9	9	9	9
1784	8	1	1	8	1	1
1785	5	5	5	5	5	5
1786	8	8	8	8	8	8
1787	9	9	9	9	9	9
1788	4	8	4	4	4	8
1789	1	1	1	1	1	1
1790	3	3	3	3	3	3
1791	0	0	0	0	0	0
1792	4	4	4	4	4	4
1793	9	9	9	9	9	9
1794	9	9	9	9	9	9
1795	3	3	3	3	3	3
1796	6	6	6	6	6	6
1797	5	5	5	5	5	5
1798	3	3	3	3	3	3
1799	4	4	4	4	4	4
1800	7	7	7	7	7	7
1801	1	1	1	1	1	1
1802	6	6	6	6	6	6
1803	3	3	3	3	3	3
1804	9	4	4	4	4	4
1805	6	6	6	6	6	6
1806	8	8	8	5	5	8
1807	3	3	3	3	3	3
1808	7	7	7	7	7	7
1809	2	2	2	2	2	2
1810	3	5	8	5	8	5
1811	7	7	7	7	7	7
1812	0	0	0	0	0	0
1813	9	9	9	9	9	9
1814	9	9	9	9	9	9
1815	0	0	0	0	0	0
1816	9	9	9	9	9	9
1817	2	7	7	0	7	7
1818	9	9	9	9	9	9
1819	8	8	8	8	8	8
1820	9	7	9	9	9	9
1821	2	2	2	2	2	2
1822	0	0	0	0	0	0
1823	9	9	8	9	9	9
1824	2	2	2	2	2	2
1825	0	0	0	0	0	0
1826	2	2	2	2	2	2
1827	1	1	1	1	1	1
1828	1	1	1	1	1	1
1829	5	5	5	5	5	5
1830	9	9	9	9	9	9
1831	5	5	5	5	5	5
1832	3	3	3	3	3	3
1833	4	4	4	4	4	4
1834	3	3	3	3	3	3
1835	3	3	3	3	3	3
1836	9	9	9	9	9	9
1837	3	3	3	3	3	3
1838	2	8	2	2	2	2
1839	4	4	4	4	4	4
1840	0	0	0	0	0	0
1841	0	0	0	0	0	0
1842	8	8	8	8	8	8
1843	8	8	8	8	8	8
1844	7	7	7	7	7	7
1845	0	0	0	0	0	0
1846	2	2	2	2	2	2
1847	9	9	9	9	9	9
1848	9	9	9	9	9	9
1849	0	0	0	0	0	0
1850	8	8	8	8	8	8
1851	7	7	7	7	7	7
1852	1	1	1	1	1	1
1853	3	3	3	3	3	3
1854	4	4	4	4	4	4
1855	7	7	7	7	7	7
1856	7	7	7	7	7	7
1857	1	1	1	1	1	1
1858	8	8	8	8	8	8
1859	9	9	9	9	9	9
1860	7	7	7	7	7	7
1861	6	6	6	6	6	6
1862	3	3	8	7	3	3
1863	1	1	1	1	1	1
1864	3	1	7	7	7	7
1865	6	6	6	6	6	6
1866	5	5	5	5	5	5
1867	9	9	9	9	9	9
1868	3	5	8	5	8	5
1869	2	2	2	2	2	2
1870	3	3	3	3	3	3
1871	1	1	1	1	1	1
1872	7	1	9	7	7	9
1873	3	3	3	3	3	3
1874	7	7	7	7	7	7
1875	4	4	4	4	4	4
1876	2	2	2	2	2	2
1877	3	3	3	3	3	3
1878	7	7	7	7	7	7
1879	9	1	4	4	7	1
1880	7	9	7	7	7	9
1881	6	6	6	6	6	6
1882	7	7	7	7	7	7
1883	1	1	1	1	1	1
1884	3	1	3	3	3	3
1885	2	6	2	2	2	2
1886	1	1	1	1	1	1
1887	6	6	6	6	6	6
1888	8	8	1	8	8	8
1889	5	5	5	5	5	5
1890	3	3	3	3	3	3
1891	5	5	5	5	5	5
1892	0	0	0	0	0	0
1893	2	2	2	2	2	2
1894	1	1	1	1	1	1
1895	5	5	5	5	5	5
1896	6	6	6	6	6	6
1897	1	1	1	1	1	1
1898	8	8	8	8	8	8
1899	0	0	0	0	0	0
1900	2	2	2	2	2	2
1901	4	4	4	4	4	4
1902	3	3	8	3	3	3
1903	2	2	2	2	2	2
1904	6	6	6	6	6	6
1905	3	3	3	3	3	3
1906	7	7	7	7	7	7
1907	5	5	5	5	5	5
1908	9	9	9	9	9	9
1909	0	0	0	0	0	0
1910	6	6	6	6	6	6
1911	3	3	3	3	3	3
1912	9	4	4	4	4	4
1913	8	8	8	8	8	8
1914	3	9	3	4	7	4
1915	7	7	7	7	7	7
1916	1	1	1	1	1	1
1917	6	6	6	6	6	6
1918	5	5	5	5	5	5
1919	1	1	1	1	1	1
1920	2	2	2	2	2	2
1921	5	5	5	5	5	5
1922	8	8	8	8	8	8
1923	2	2	2	2	2	2
1924	9	9	9	9	9	9
1925	5	5	5	5	5	5
1926	4	4	4	4	4	4
1927	7	7	7	7	7	7
1928	3	3	3	3	3	3
1929	0	0	0	0	0	0
1930	5	4	5	5	5	4
1931	9	9	9	9	9	9
1932	5	5	5	5	5	5
1933	9	9	9	9	9	9
1934	3	8	8	6	8	6
1935	1	1	1	1	1	1
1936	1	1	1	1	1	1
1937	4	4	4	4	4	4
1938	5	5	9	5	5	5
1939	4	4	4	4	4	4
1940	3	5	4	9	9	5
1941	0	0	0	0	0	0
1942	6	6	6	6	6	6
1943	0	0	0	0	0	0
1944	5	5	5	5	5	5
1945	4	5	4	4	4	6
1946	3	3	3	3	3	3
1947	3	3	8	8	8	3
1948	6	6	6	6	6	6
1949	5	5	5	5	5	5
1950	2	2	2	2	2	2
1951	7	7	7	7	7	7
1952	4	4	4	4	4	4
1953	7	7	9	3	7	3
1954	7	9	7	7	7	7
1955	5	5	5	5	5	5
1956	1	1	1	1	1	1
1957	2	2	2	2	2	2
1958	0	0	0	0	0	0
1959	3	3	3	3	3	3
1960	8	1	1	1	1	1
1961	4	4	4	4	4	4
1962	9	7	9	7	9	7
1963	2	2	2	2	2	2
1964	6	6	6	6	6	6
1965	0	5	0	0	0	5
1966	8	8	8	8	8	8
1967	6	6	6	6	6	6
1968	3	3	3	3	3	3
1969	1	1	1	1	1	1
1970	6	5	5	6	6	5
1971	7	7	7	7	7	7
1972	6	6	6	6	6	6
1973	6	4	6	4	6	6
1974	2	2	2	2	2	2
1975	3	3	3	3	3	3
1976	1	1	1	1	1	1
1977	7	7	7	9	7	7
1978	2	2	2	2	2	2
1979	1	1	1	1	1	1
1980	9	9	9	9	7	9
1981	7	7	7	7	7	7
1982	5	9	9	5	5	9
1983	1	1	1	1	1	1
1984	2	4	2	2	2	4
1985	8	8	8	8	8	8
1986	1	1	1	1	1	1
1987	9	9	4	4	4	4
1988	4	4	4	4	4	4
1989	9	9	9	9	9	9
1990	2	2	7	2	7	2
1991	1	1	1	1	1	1
1992	1	1	1	1	1	1
1993	5	5	5	5	5	5
1994	7	7	7	7	7	7
1995	2	2	2	2	2	2
1996	1	1	1	1	1	1
1997	0	0	0	0	0	0
1998	5	5	5	5	5	5
1999	2	2	2	2	2	2
2000	7	7	7	7	7	7
2001	6	6	6	6	6	6
2002	0	0	0	0	0	0
2003	2	2	2	2	0	2
2004	9	9	9	9	9	9
2005	3	8	8	3	8	8
2006	9	9	4	4	9	9
2007	6	6	6	6	6	6
2008	1	1	1	1	1	1
2009	4	4	4	4	4	4
2010	1	1	1	1	1	1
2011	9	9	9	9	9	9
2012	7	7	7	7	7	7
2013	2	2	2	2	2	2
2014	0	7	7	7	9	7
2015	4	4	4	4	4	4
2016	1	1	1	1	1	1
2017	5	5	5	5	5	5
2018	1	1	1	1	1	1
2019	0	0	0	0	0	0
2020	2	2	2	2	2	2
2021	6	6	6	6	6	6
2022	9	9	9	9	9	9
2023	8	8	8	8	8	8
2024	9	9	9	9	9	9
2025	7	7	7	7	7	7
2026	9	9	9	9	9	9
2027	7	7	7	7	7	7
2028	9	4	4	4	4	4
2029	7	7	7	7	7	7
2030	0	0	0	0	0	0
2031	3	3	3	3	3	3
2032	1	1	1	1	1	1
2033	4	0	4	4	4	6
2034	0	0	0	0	0	0
2035	8	8	8	8	8	1
2036	6	6	6	6	6	6
2037	4	4	4	9	4	4
2038	6	6	6	6	6	6
2039	4	4	4	4	4	4
2040	1	1	1	1	1	1
2041	2	6	4	2	2	2
2042	7	7	7	7	7	7
2043	2	2	2	2	2	2
2044	4	4	4	4	4	4
2045	3	8	8	8	8	3
2046	7	7	7	7	7	7
2047	3	3	3	3	3	3
2048	2	2	2	2	2	2
2049	7	9	7	7	7	7
2050	0	0	0	0	0	0
2051	6	6	6	6	6	6
2052	4	4	4	4	4	4
2053	9	9	9	9	9	9
2054	2	3	2	2	2	3
2055	1	1	1	1	1	1
2056	8	8	8	8	8	8
2057	4	4	4	4	4	4
2058	7	7	7	7	7	7
2059	3	8	8	8	8	3
2060	8	8	8	8	8	8
2061	1	1	1	1	1	1
2062	9	9	9	9	9	9
2063	6	6	6	6	6	6
2064	5	5	5	5	5	5
2065	0	0	0	0	0	0
2066	6	6	6	6	6	6
2067	9	9	9	9	9	9
2068	9	9	4	4	4	4
2069	9	9	9	9	9	9
2070	3	3	3	3	3	3
2071	6	6	6	6	6	6
2072	0	0	0	0	0	0
2073	6	6	6	6	6	6
2074	3	3	3	3	3	3
2075	7	7	7	7	7	7
2076	3	3	3	3	3	3
2077	4	4	4	4	4	4
2078	9	9	9	9	9	9
2079	8	8	8	8	8	8
2080	0	0	0	0	0	0
2081	5	5	5	5	5	5
2082	3	3	3	3	3	3
2083	9	9	9	9	9	9
2084	1	1	1	1	1	1
2085	2	0	2	2	2	2
2086	9	9	9	9	9	9
2087	2	2	2	2	2	2
2088	0	0	0	0	0	0
2089	1	1	1	1	1	1
2090	5	5	5	5	5	5
2091	3	3	3	3	3	3
2092	3	3	3	3	3	3
2093	3	5	5	5	5	5
2094	2	2	2	2	2	2
2095	9	9	9	9	9	9
2096	2	2	2	2	2	2
2097	7	8	7	7	7	7
2098	9	9	9	9	9	9
2099	4	4	4	4	4	4
2100	7	7	7	7	7	7
2101	0	0	0	0	0	0
2102	4	4	4	4	4	4
2103	9	9	9	9	9	9
2104	9	8	9	8	9	8
2105	8	8	8	8	8	8
2106	6	6	6	6	6	6
2107	9	9	9	9	9	9
2108	1	1	1	1	1	1
2109	2	3	2	2	2	3
2110	9	7	9	9	9	9
2111	9	9	9	7	9	9
2112	7	7	7	7	7	7
2113	7	7	7	7	7	7
2114	3	3	3	3	3	3
2115	2	2	2	2	2	2
2116	8	8	8	8	8	8
2117	2	2	2	2	2	2
2118	0	0	0	0	0	0
2119	5	5	5	5	5	5
2120	7	9	7	7	9	7
2121	9	9	9	9	9	9
2122	3	3	3	3	3	3
2123	5	5	5	5	5	5
2124	4	4	4	4	4	4
2125	0	0	0	0	0	0
2126	0	0	0	0	0	0
2127	6	6	6	6	6	6
2128	0	0	0	0	0	0
2129	8	1	1	1	1	1
2130	6	8	4	4	4	8
2131	2	2	2	2	2	2
2132	0	0	0	0	0	0
2133	6	6	6	6	6	6
2134	3	3	3	3	3	3
2135	0	0	0	0	0	0
2136	5	9	5	5	5	9
2137	4	4	4	4	4	4
2138	9	9	9	9	9	9
2139	5	5	5	5	5	5
2140	0	0	0	0	0	0
2141	6	6	6	6	6	6
2142	0	0	0	0	0	0
2143	1	1	1	1	1	1
2144	9	9	9	9	9	9
2145	4	4	4	4	4	4
2146	0	0	0	0	0	0
2147	1	1	1	1	1	1
2148	7	7	7	7	7	7
2149	3	1	6	5	6	6
2150	3	3	3	3	3	3
2151	5	5	5	5	5	5
2152	1	1	1	1	1	1
2153	3	3	3	3	3	3
2154	4	4	4	4	4	4
2155	9	9	9	4	4	9
2156	9	9	9	9	9	9
2157	3	7	3	3	3	3
2158	6	6	6	6	6	6
2159	3	3	3	5	3	3
2160	0	0	0	0	0	0
2161	6	6	6	6	6	6
2162	3	3	3	3	3	3
2163	6	6	6	6	6	6
2164	5	8	8	8	8	8
2165	5	5	5	5	5	5
2166	1	1	1	1	1	1
2167	4	4	4	4	4	4
2168	7	7	7	7	7	7
2169	0	2	2	0	8	2
2170	5	5	5	5	5	5
2171	1	1	1	1	1	1
2172	3	3	3	5	3	3
2173	4	4	4	4	4	4
2174	1	1	1	1	1	1
2175	3	8	8	8	8	8
2176	2	8	8	2	2	8
2177	7	7	7	7	7	7
2178	6	6	6	6	6	6
2179	3	5	8	8	8	5
2180	7	7	7	7	7	7
2181	3	3	3	3	3	3
2182	4	9	4	4	4	9
2183	8	8	8	8	8	8
2184	3	3	3	3	3	3
2185	2	2	2	2	2	2
2186	3	5	3	3	3	5
2187	9	9	9	9	9	9
2188	7	7	7	7	7	7
2189	9	9	9	9	9	9
2190	3	3	3	3	3	3
2191	9	9	4	9	4	9
2192	1	1	1	1	1	1
2193	9	9	9	9	9	9
2194	8	8	8	8	8	8
2195	9	9	9	9	9	9
2196	8	9	9	8	9	8
2197	9	9	9	9	9	9
2198	3	2	2	3	2	3
2199	0	0	0	0	0	0
2200	3	3	3	3	3	3
2201	7	7	7	7	7	7
2202	3	3	3	3	3	3
2203	9	9	9	9	9	9
2204	9	4	4	4	4	4
2205	3	3	3	3	3	3
2206	4	4	4	4	4	4
2207	6	6	6	6	6	6
2208	5	5	5	5	5	5
2209	7	7	7	7	7	7
2210	5	9	5	3	3	8
2211	1	1	1	1	1	1
2212	7	7	7	7	7	7
2213	0	0	0	0	0	0
2214	0	0	0	0	0	0
2215	5	5	5	5	5	5
2216	3	3	3	3	3	3
2217	2	2	2	2	2	2
2218	4	4	4	4	4	4
2219	5	5	5	5	5	5
2220	2	2	2	2	2	2
2221	9	9	9	9	9	9
2222	2	2	2	2	2	2
2223	7	7	7	7	7	7
2224	6	6	6	6	6	6
2225	8	8	8	8	8	8
2226	6	6	6	6	6	6
2227	5	5	5	5	5	5
2228	6	6	6	6	6	6
2229	5	5	5	5	5	5
2230	2	2	2	2	2	2
2231	9	9	7	7	7	7
2232	5	8	6	5	5	8
2233	7	7	7	7	7	7
2234	2	2	2	2	2	2
2235	2	2	2	2	2	2
2236	0	0	0	0	0	0
2237	8	8	8	8	8	8
2238	3	1	8	2	2	8
2239	6	6	6	6	6	6
2240	3	3	3	3	3	3
2241	0	0	0	0	0	0
2242	6	6	6	6	6	6
2243	2	2	2	2	2	2
2244	7	7	7	7	7	7
2245	0	0	0	0	0	0
2246	9	9	9	9	9	9
2247	7	7	7	7	7	7
2248	6	6	6	6	6	6
2249	6	6	6	6	6	6
2250	1	1	1	1	1	1
2251	2	2	2	2	2	2
2252	8	8	8	3	8	8
2253	2	8	2	2	2	2
2254	0	0	0	0	0	0
2255	3	8	8	8	8	3
2256	9	9	9	9	9	9
2257	9	1	9	9	9	9
2258	4	4	4	4	4	4
2259	2	1	2	2	2	2
2260	8	8	8	8	8	8
2261	4	4	4	4	4	4
2262	4	4	4	4	4	4
2263	0	0	0	0	0	0
2264	5	5	5	5	5	5
2265	2	2	2	2	2	2
2266	8	8	8	8	8	8
2267	8	8	8	8	8	8
2268	6	6	6	6	6	6
2269	8	1	1	1	1	1
2270	0	0	0	0	0	0
2271	9	9	9	9	9	9
2272	3	3	3	3	3	3
2273	2	6	2	2	2	2
2274	2	2	2	2	2	2
2275	1	1	1	1	1	1
2276	1	1	1	1	1	1
2277	3	3	3	3	3	3
2278	1	1	1	1	1	1
2279	4	4	4	4	4	4
2280	2	2	2	2	2	2
2281	6	6	6	6	6	6
2282	3	3	3	3	3	3
2283	3	7	7	3	7	8
2284	4	4	4	4	4	4
2285	3	5	3	3	3	5
2286	7	7	7	7	7	7
2287	6	6	6	6	6	6
2288	9	9	9	9	9	9
2289	0	0	0	0	0	0
2290	3	8	8	8	8	8
2291	5	5	5	5	5	5
2292	8	8	8	8	8	8
2293	5	5	5	5	5	5
2294	0	0	0	0	0	0
2295	8	8	8	8	8	8
2296	7	1	7	7	7	2
2297	8	8	8	8	8	8
2298	8	1	1	8	1	1
2299	8	8	8	8	8	8
2300	5	5	5	5	1	1
2301	3	8	8	8	8	8
2302	4	4	4	4	4	4
2303	1	1	1	1	1	1
2304	7	7	7	7	7	7
2305	6	6	6	6	6	6
2306	2	2	2	2	2	2
2307	1	1	1	1	1	1
2308	5	5	5	5	5	5
2309	8	8	8	8	8	8
2310	7	7	7	7	7	7
2311	9	9	9	9	9	9
2312	7	7	7	7	7	7
2313	8	8	8	8	8	8
2314	4	4	4	4	4	4
2315	7	7	7	7	7	7
2316	5	5	5	5	5	5
2317	2	2	2	2	2	2
2318	4	4	4	4	4	4
2319	9	9	9	9	9	9
2320	2	2	2	2	2	2
2321	6	6	6	6	6	6
2322	4	4	4	4	4	4
2323	9	1	3	9	3	7
2324	6	6	6	6	6	6
2325	8	8	8	8	8	8
2326	1	1	1	1	1	1
2327	7	7	7	7	7	7
2328	6	6	6	6	6	6
2329	1	1	1	1	1	1
2330	7	7	7	7	7	7
2331	4	4	4	4	4	4
2332	9	9	9	9	9	9
2333	2	2	2	2	2	2
2334	9	9	9	9	9	9
2335	7	7	7	7	7	7
2336	2	2	2	2	2	2
2337	7	7	7	7	7	7
2338	2	6	2	2	2	6
2339	4	4	4	4	4	4
2340	5	5	5	5	5	5
2341	7	9	7	7	7	7
2342	1	1	1	1	1	1
2343	9	9	9	9	9	9
2344	6	0	6	6	6	6
2345	9	9	9	9	3	9
2346	0	0	0	0	0	0
2347	6	6	6	6	6	6
2348	5	0	5	5	5	5
2349	4	4	4	4	4	4
2350	8	8	8	8	8	8
2351	1	1	1	1	1	1
2352	1	1	1	1	1	1
2353	2	2	2	2	2	2
2354	3	3	3	3	3	3
2355	4	4	4	4	4	4
2356	6	4	6	6	6	6
2357	2	2	2	2	2	2
2358	3	3	3	3	3	3
2359	9	9	9	9	9	9
2360	8	8	8	8	8	8
2361	0	0	0	0	0	0
2362	8	8	8	8	8	8
2363	3	3	5	5	5	3
2364	0	0	0	0	0	0
2365	9	9	9	9	9	9
2366	6	6	6	6	6	6
2367	3	3	3	3	3	3
2368	6	6	6	6	6	6
2369	4	4	4	4	4	4
2370	6	6	6	6	6	6
2371	9	4	4	4	4	4
2372	7	4	7	7	7	4
2373	1	1	1	1	1	1
2374	5	8	5	5	5	8
2375	9	9	9	9	9	9
2376	8	8	8	8	8	8
2377	2	2	3	3	2	2
2378	9	9	9	9	9	9
2379	2	2	2	2	2	2
2380	1	8	1	1	1	1
2381	7	7	7	7	7	7
2382	3	3	3	3	3	3
2383	7	7	7	7	7	7
2384	6	6	6	6	6	6
2385	2	2	2	2	2	2
2386	3	3	3	3	9	3
2387	4	4	4	4	4	4
2388	8	1	8	8	8	1
2389	6	6	6	6	6	6
2390	5	1	5	5	5	5
2391	0	0	0	0	0	0
2392	7	2	7	2	2	3
2393	9	9	9	9	9	9
2394	9	9	4	4	4	9
2395	0	0	0	0	0	0
2396	8	8	8	8	8	8
2397	9	9	9	9	9	9
2398	8	8	8	8	8	8
2399	4	4	4	4	4	4
2400	8	8	8	8	8	8
2401	6	6	6	6	6	6
2402	1	1	1	1	1	1
2403	6	6	6	6	6	6
2404	1	1	1	1	1	1
2405	0	0	0	0	0	0
2406	4	4	4	4	4	4
2407	3	3	3	3	3	3
2408	2	2	2	2	2	2
2409	1	1	1	1	1	1
2410	8	8	8	8	8	8
2411	1	1	1	1	1	1
2412	5	1	1	5	5	1
2413	8	5	8	3	8	5
2414	7	7	7	7	7	7
2415	2	2	2	2	2	2
2416	7	7	7	7	7	7
2417	8	8	8	8	8	8
2418	3	3	3	3	3	3
2419	9	7	9	9	7	9
2420	4	4	4	4	4	4
2421	0	0	0	0	0	0
2422	1	1	1	6	1	1
2423	2	3	2	2	2	2
2424	1	1	1	1	1	1
2425	5	5	5	5	5	5
2426	6	6	6	6	6	6
2427	0	0	0	0	0	0
2428	4	4	4	4	4	4
2429	3	8	8	8	8	8
2430	3	3	3	3	3	3
2431	7	7	7	7	7	7
2432	8	8	8	8	8	8
2433	9	4	9	9	9	4
2434	8	8	8	8	6	8
2435	9	9	9	9	9	9
2436	6	6	6	6	6	6
2437	3	3	3	3	3	3
2438	3	3	3	3	3	3
2439	3	3	3	3	3	3
2440	2	8	8	2	8	8
2441	3	3	3	3	3	3
2442	3	8	3	8	8	3
2443	1	1	1	1	1	1
2444	7	7	7	7	7	7
2445	2	2	2	2	2	2
2446	1	1	1	1	1	1
2447	6	6	6	6	6	6
2448	9	9	9	9	9	9
2449	1	1	1	1	1	1
2450	3	3	3	3	3	3
2451	7	7	7	7	7	7
2452	1	1	1	1	1	1
2453	9	9	9	9	9	9
2454	6	6	6	6	6	6
2455	0	0	0	0	0	0
2456	9	9	9	9	9	9
2457	9	8	8	7	9	8
2458	8	8	8	8	8	8
2459	7	7	7	7	7	7
2460	0	0	0	0	0	0
2461	8	4	8	8	8	4
2462	0	5	5	0	0	5
2463	5	5	5	5	5	5
2464	0	0	0	0	0	0
2465	8	8	8	8	8	8
2466	2	2	2	2	2	2
2467	0	0	0	0	0	0
2468	7	7	7	7	7	7
2469	1	1	1	1	1	1
2470	2	2	2	2	2	2
2471	1	1	1	1	1	1
2472	6	6	6	6	6	6
2473	3	7	7	7	7	7
2474	4	4	4	4	4	4
2475	7	2	7	7	7	7
2476	9	9	9	9	9	9
2477	5	5	5	5	5	4
2478	5	3	5	5	5	5
2479	7	7	7	7	7	9
2480	1	1	1	1	1	1
2481	1	1	1	1	1	1
2482	5	5	5	5	5	5
2483	6	6	6	6	6	6
2484	6	6	6	6	6	6
2485	3	3	3	3	3	3
2486	5	9	5	5	5	9
2487	9	9	9	9	9	9
2488	3	1	5	3	3	1
2489	5	5	5	5	5	5
2490	3	3	3	3	3	3
2491	1	1	1	1	1	1
2492	9	9	9	9	9	9
2493	5	5	5	5	5	5
2494	1	1	1	1	1	1
2495	9	9	9	9	9	9
2496	7	7	7	7	7	7
2497	6	6	6	6	6	6
2498	7	7	7	7	7	7
2499	1	1	1	1	1	1
2500	8	8	8	8	8	8
2501	7	7	7	7	7	7
2502	3	3	3	3	3	3
2503	9	9	9	9	9	9
2504	9	9	9	9	9	9
2505	2	2	2	3	2	2
2506	3	3	3	3	3	3
2507	3	3	3	3	3	3
2508	8	1	1	1	1	1
2509	5	5	5	5	5	5
2510	6	6	6	6	6	6
2511	4	4	4	4	4	4
2512	3	3	3	3	3	3
2513	2	2	2	2	2	2
2514	7	7	7	7	7	7
2515	5	8	8	8	8	8
2516	2	2	2	2	2	2
2517	3	3	3	3	3	3
2518	5	5	5	5	5	5
2519	3	8	3	3	3	3
2520	4	4	4	4	4	4
2521	8	8	8	8	8	8
2522	4	4	4	4	4	4
2523	8	8	8	8	8	8
2524	9	9	9	9	9	9
2525	6	6	6	6	6	6
2526	4	8	4	4	4	4
2527	4	4	4	4	4	4
2528	3	3	3	3	3	3
2529	4	4	4	4	4	4
2530	4	4	4	4	4	4
2531	5	5	5	5	5	5
2532	1	1	1	1	1	1
2533	3	3	3	3	3	3
2534	5	7	5	5	5	5
2535	3	3	3	3	3	3
2536	0	0	0	0	0	0
2537	5	5	5	5	5	5
2538	2	2	2	2	2	2
2539	3	3	3	3	3	3
2540	7	7	7	7	7	7
2541	6	6	6	6	6	6
2542	0	0	0	0	0	0
2543	5	5	5	5	5	5
2544	8	5	8	8	8	8
2545	1	1	1	1	1	1
2546	6	6	6	6	6	6
2547	3	8	8	3	8	2
2548	3	0	0	6	0	0
2549	3	8	8	3	8	8
2550	4	4	4	4	4	4
2551	4	4	4	4	4	4
2552	1	1	1	1	1	1
2553	7	7	7	7	7	7
2554	9	9	9	9	9	9
2555	2	2	2	2	2	2
2556	0	0	0	0	0	0
2557	8	8	8	8	8	8
2558	2	8	2	2	2	8
2559	5	3	5	3	3	3
2560	8	8	8	8	8	8
2561	2	2	2	2	2	2
2562	9	9	9	8	4	9
2563	0	8	0	0	0	0
2564	5	5	5	5	5	5
2565	7	7	7	7	7	7
2566	0	0	0	0	0	0
2567	5	5	5	5	5	5
2568	8	8	8	8	8	8
2569	1	1	1	1	1	1
2570	7	7	7	7	7	7
2571	5	5	5	5	5	5
2572	9	9	9	9	9	9
2573	8	8	8	8	8	8
2574	1	1	1	1	1	1
2575	1	1	1	1	1	1
2576	7	7	7	7	7	7
2577	1	1	1	1	1	1
2578	4	4	4	4	4	4
2579	3	3	3	3	3	3
2580	8	8	8	8	8	8
2581	9	9	9	9	9	9
2582	2	6	2	2	2	2
2583	2	2	2	2	2	2
2584	4	9	4	4	4	9
2585	1	1	1	1	1	1
2586	1	1	1	1	1	1
2587	6	6	6	6	6	6
2588	3	3	3	3	3	3
2589	1	1	8	1	1	1
2590	8	8	8	8	8	8
2591	0	0	0	0	0	0
2592	6	6	6	6	6	6
2593	3	8	5	3	3	5
2594	0	0	0	0	6	0
2595	4	4	4	4	4	4
2596	9	9	9	9	9	9
2597	6	6	6	6	6	6
2598	6	6	6	6	6	6
2599	9	9	9	9	9	9
2600	7	7	7	7	7	7
2601	0	0	0	0	0	0
2602	1	1	1	1	1	1
2603	4	4	4	4	4	4
2604	2	2	2	2	2	0
2605	2	2	2	2	2	2
2606	4	4	4	4	4	4
2607	7	7	7	7	7	7
2608	8	8	8	8	8	8
2609	0	0	0	0	0	0
2610	5	5	5	5	5	5
2611	3	3	3	3	3	3
2612	8	5	8	8	8	8
2613	8	5	8	8	8	5
2614	3	3	3	3	3	3
2615	7	7	9	7	7	7
2616	3	3	3	2	3	3
2617	4	4	4	4	4	4
2618	8	9	8	8	8	8
2619	3	3	3	5	5	5
2620	7	7	7	7	7	7
2621	1	1	1	1	1	1
2622	3	7	7	7	7	7
2623	6	6	6	6	6	6
2624	2	2	2	2	2	2
2625	8	8	8	8	8	8
2626	0	0	0	0	0	0
2627	8	8	8	8	8	8
2628	1	1	1	1	1	1
2629	2	2	2	2	2	2
2630	5	5	5	5	5	5
2631	4	4	4	2	4	4
2632	0	0	0	0	0	0
2633	4	4	4	4	4	4
2634	7	7	7	7	7	7
2635	5	4	5	5	5	5
2636	6	6	6	6	6	6
2637	9	9	9	9	9	9
2638	1	1	1	1	1	1
2639	9	9	9	9	9	9
2640	8	8	8	8	8	8
2641	8	8	8	8	8	8
2642	3	3	3	3	3	3
2643	4	4	4	4	4	4
2644	6	6	6	6	6	6
2645	1	1	1	1	1	1
2646	1	1	1	1	1	1
2647	9	9	9	9	9	9
2648	5	5	5	5	5	5
2649	4	4	4	4	4	4
2650	2	2	2	2	2	2
2651	6	5	6	6	6	6
2652	5	1	5	5	5	4
2653	2	2	2	2	2	2
2654	2	8	2	2	2	8
2655	6	6	6	6	6	6
2656	8	8	8	8	8	8
2657	3	3	3	3	3	3
2658	9	9	9	9	9	9
2659	9	9	9	9	9	9
2660	6	6	6	6	6	6
2661	9	9	9	9	9	9
2662	9	9	9	9	9	9
2663	0	0	0	0	0	0
2664	7	7	7	7	7	7
2665	8	8	8	8	8	8
2666	2	2	2	2	2	2
2667	7	7	7	7	7	7
2668	7	7	7	7	7	7
2669	3	3	3	3	3	3
2670	6	6	6	6	6	6
2671	7	7	7	7	7	7
2672	9	9	9	9	9	9
2673	1	1	1	1	1	1
2674	0	0	0	0	0	0
2675	9	9	9	9	9	9
2676	7	7	7	7	7	7
2677	9	7	7	7	7	7
2678	0	0	0	0	0	0
2679	4	4	4	4	4	4
2680	5	3	5	5	5	5
2681	9	9	9	9	9	9
2682	2	2	2	2	2	2
2683	5	5	5	5	5	5
2684	3	3	3	3	3	3
2685	0	0	0	0	0	0
2686	0	0	0	0	0	0
2687	4	4	4	4	4	4
2688	2	8	2	2	2	2
2689	7	4	7	7	4	4
2690	7	7	7	7	7	7
2691	0	0	0	0	0	0
2692	9	9	9	9	9	9
2693	5	5	5	5	5	5
2694	3	3	3	3	3	3
2695	8	8	8	8	8	8
2696	2	6	2	2	2	6
2697	5	1	5	5	5	8
2698	1	1	1	1	1	1
2699	9	9	9	9	9	9
2700	3	3	3	3	3	3
2701	3	3	3	3	3	3
2702	7	7	7	7	7	7
2703	0	0	0	0	0	0
2704	6	6	6	6	6	6
2705	9	9	9	9	9	9
2706	5	5	5	5	5	5
2707	6	6	6	6	6	6
2708	1	1	1	1	1	1
2709	3	3	3	3	3	3
2710	2	2	2	2	2	2
2711	9	9	9	9	9	9
2712	4	4	4	4	4	4
2713	2	2	2	2	2	2
2714	0	0	0	0	0	0
2715	4	4	4	4	4	4
2716	9	9	9	9	9	9
2717	2	2	2	2	2	2
2718	4	4	4	4	4	4
2719	5	5	5	5	5	5
2720	9	9	9	4	9	9
2721	9	9	9	9	9	9
2722	3	3	3	3	3	3
2723	7	7	7	7	7	7
2724	9	9	9	9	9	9
2725	0	0	0	0	0	0
2726	7	7	7	7	7	7
2727	0	0	0	0	0	0
2728	6	6	6	6	6	6
2729	3	3	3	3	3	3
2730	8	8	8	8	8	8
2731	7	7	7	7	7	7
2732	6	6	6	6	6	6
2733	0	0	0	0	0	0
2734	4	4	4	4	4	4
2735	8	8	8	8	8	8
2736	4	4	4	4	4	4
2737	3	3	3	3	3	3
2738	7	7	7	7	7	7
2739	2	2	2	2	2	2
2740	2	2	2	2	2	2
2741	8	8	8	8	8	8
2742	1	1	1	1	1	1
2743	0	0	0	0	0	0
2744	8	8	8	8	8	8
2745	2	8	2	2	2	2
2746	7	7	7	7	7	7
2747	6	6	6	6	6	5
2748	8	8	8	8	8	8
2749	9	9	9	9	9	9
2750	1	1	1	1	1	1
2751	8	8	8	8	8	8
2752	7	9	7	7	7	9
2753	2	8	2	2	2	2
2754	4	4	4	4	4	4
2755	3	3	3	3	3	3
2756	8	8	8	8	8	8
2757	2	2	2	2	2	2
2758	0	0	0	0	0	0
2759	3	3	3	3	3	3
2760	0	0	0	0	0	0
2761	4	4	4	4	4	4
2762	8	8	8	8	8	8
2763	3	3	3	5	3	3
2764	1	1	1	1	1	1
2765	5	5	5	5	5	5
2766	8	1	1	1	1	1
2767	2	2	2	2	2	2
2768	4	4	4	4	4	4
2769	9	9	9	9	9	9
2770	9	7	9	7	7	7
2771	0	0	0	0	0	0
2772	7	7	7	7	7	7
2773	6	6	6	6	6	6
2774	9	9	9	9	9	9
2775	5	5	5	5	5	5
2776	2	2	2	2	2	2
2777	1	1	1	1	1	1
2778	9	9	9	9	9	9
2779	2	8	2	2	2	2
2780	1	1	1	1	1	1
2781	5	5	5	5	5	5
2782	7	1	1	7	1	3
2783	9	9	9	9	9	9
2784	6	6	6	6	6	6
2785	3	3	3	3	3	3
2786	4	4	4	4	4	4
2787	2	6	2	2	2	2
2788	7	7	7	7	7	7
2789	7	7	7	7	7	7
2790	1	1	1	1	1	1
2791	1	1	1	1	1	1
2792	5	4	5	5	5	6
2793	3	8	8	8	8	8
2794	9	9	9	9	9	9
2795	3	3	3	8	8	5
2796	9	9	9	9	9	9
2797	8	8	8	8	8	8
2798	4	4	4	4	4	4
2799	8	8	8	8	8	8
2800	7	7	7	7	7	7
2801	2	8	2	1	2	2
2802	2	8	8	8	8	8
2803	8	8	8	8	8	8
2804	4	4	4	4	4	4
2805	3	3	3	3	3	3
2806	0	0	0	0	0	0
2807	1	1	1	1	1	1
2808	8	8	5	5	8	8
2809	3	3	3	3	3	3
2810	0	0	0	0	0	0
2811	8	8	8	8	8	8
2812	7	7	7	7	7	7
2813	9	9	4	8	8	8
2814	9	9	9	9	9	9
2815	3	3	3	3	3	3
2816	0	0	0	0	0	0
2817	3	3	3	3	3	3
2818	3	8	8	8	8	8
2819	7	7	7	7	7	7
2820	2	2	2	2	2	2
2821	1	1	1	1	1	1
2822	1	1	1	1	1	1
2823	9	4	4	4	4	4
2824	8	8	8	8	8	8
2825	5	8	8	5	5	8
2826	7	7	7	7	7	7
2827	2	2	2	2	2	2
2828	0	0	0	0	0	0
2829	9	9	9	9	9	9
2830	0	0	0	0	0	0
2831	4	4	4	4	4	4
2832	1	1	1	1	1	1
2833	9	9	9	4	4	4
2834	6	6	6	6	6	6
2835	6	6	6	6	6	6
2836	6	6	6	6	6	6
2837	1	1	1	1	1	1
2838	7	7	7	7	7	7
2839	2	8	8	8	8	8
2840	5	5	5	5	5	5
2841	9	9	9	9	9	9
2842	9	9	9	9	9	9
2843	1	1	1	1	1	1
2844	2	2	2	2	2	2
2845	5	8	8	5	5	5
2846	6	6	6	6	6	6
2847	2	2	2	2	2	2
2848	6	6	6	6	6	6
2849	2	2	2	2	2	2
2850	7	7	7	7	7	7
2851	3	3	3	3	3	3
2852	5	5	5	5	5	5
2853	5	5	5	5	5	5
2854	7	1	1	7	7	7
2855	5	5	5	5	5	5
2856	0	0	0	0	0	0
2857	7	7	7	7	7	7
2858	4	4	4	4	4	4
2859	7	7	8	7	7	7
2860	1	1	1	1	1	1
2861	2	2	2	2	2	2
2862	3	3	3	3	3	3
2863	5	5	5	5	5	5
2864	6	6	6	6	6	6
2865	9	9	9	9	9	9
2866	9	9	9	9	9	9
2867	1	1	1	1	1	1
2868	1	1	1	1	1	1
2869	3	3	3	3	3	3
2870	6	6	6	6	6	6
2871	6	6	6	6	6	6
2872	8	8	8	8	8	8
2873	2	2	2	2	2	2
2874	7	9	7	7	7	7
2875	2	2	2	2	2	2
2876	5	3	5	5	5	5
2877	6	6	6	5	6	6
2878	9	9	9	9	9	9
2879	9	9	9	9	9	9
2880	1	1	1	1	1	1
2881	4	4	4	4	4	4
2882	1	8	1	1	1	1
2883	0	0	0	0	0	0
2884	4	4	4	4	4	4
2885	6	6	6	6	6	6
2886	2	2	2	2	2	2
2887	2	2	2	2	2	2
2888	1	1	1	1	1	1
2889	1	1	1	1	1	1
2890	5	5	5	5	5	5
2891	1	1	1	1	1	1
2892	4	4	4	4	4	4
2893	1	1	1	1	1	1
2894	7	4	7	7	7	8
2895	9	9	9	9	9	9
2896	3	3	3	3	3	3
2897	5	5	3	5	5	5
2898	6	6	6	6	6	6
2899	9	9	9	9	9	9
2900	9	9	9	9	9	9
2901	2	2	2	2	2	2
2902	1	1	1	1	1	1
2903	0	0	0	0	0	0
2904	7	7	7	7	7	7
2905	2	2	2	2	2	2
2906	6	6	6	6	6	6
2907	7	7	3	7	7	7
2908	2	2	2	2	2	2
2909	3	3	2	2	2	2
2910	6	6	6	6	6	6
2911	8	8	8	8	8	8
2912	5	5	5	5	5	5
2913	6	6	6	6	6	6
2914	6	6	6	6	6	6
2915	4	4	4	4	4	4
2916	2	2	2	2	2	2
2917	2	2	2	2	2	2
2918	0	0	0	0	0	0
2919	2	2	2	2	2	2
2920	8	5	8	8	8	5
2921	3	7	7	7	7	7
2922	3	3	3	3	3	3
2923	4	4	4	4	4	2
2924	7	7	7	7	7	7
2925	1	1	1	1	1	8
2926	1	1	1	1	1	1
2927	6	6	6	6	6	6
2928	8	8	8	8	8	8
2929	7	7	7	7	7	7
2930	8	8	8	8	8	8
2931	1	1	1	1	1	1
2932	2	2	2	2	2	2
2933	7	7	7	7	7	7
2934	1	1	1	1	1	1
2935	7	7	7	7	7	7
2936	9	9	9	9	9	9
2937	5	5	5	5	5	5
2938	6	6	6	6	6	6
2939	7	7	7	7	7	7
2940	3	3	3	3	3	3
2941	7	7	7	7	7	7
2942	8	4	8	8	8	4
2943	6	6	6	6	6	6
2944	5	5	5	5	5	5
2945	5	5	5	5	5	5
2946	5	5	5	5	5	5
2947	4	4	4	4	4	4
2948	6	6	6	6	6	6
2949	0	0	0	0	0	5
2950	2	2	2	2	2	2
2951	3	3	3	3	3	3
2952	6	6	6	6	6	6
2953	6	4	6	6	6	4
2954	3	3	3	3	3	3
2955	4	4	4	4	4	4
2956	5	5	5	5	5	5
2957	8	8	8	8	8	8
2958	0	5	0	0	0	0
2959	3	3	3	3	3	3
2960	4	4	4	4	4	4
2961	5	5	5	5	5	5
2962	6	6	6	6	6	6
2963	7	7	7	7	7	7
2964	0	0	0	0	0	0
2965	9	9	9	9	9	9
2966	0	0	0	0	0	0
2967	4	4	4	4	4	4
2968	3	3	3	3	3	3
2969	7	7	7	7	7	7
2970	0	0	0	0	0	0
2971	4	4	4	4	4	4
2972	4	4	4	4	4	4
2973	7	7	7	7	7	7
2974	1	1	1	1	1	1
2975	2	2	3	3	3	3
2976	2	2	2	2	2	2
2977	5	8	8	5	5	8
2978	4	4	4	4	4	4
2979	4	4	4	4	4	4
2980	1	1	1	1	1	1
2981	0	0	0	0	0	0
2982	7	7	7	7	7	7
2983	8	8	8	8	8	8
2984	1	1	1	1	1	1
2985	1	1	1	1	1	1
2986	7	7	7	9	7	7
2987	5	5	5	6	5	5
2988	2	2	2	2	2	2
2989	4	4	4	4	4	4
2990	6	6	6	6	6	6
2991	9	9	9	9	4	9
2992	5	5	5	5	5	5
2993	0	2	2	2	2	2
2994	2	8	2	2	2	2
2995	2	2	2	2	2	2
2996	3	3	3	3	3	3
2997	8	8	8	8	8	8
2998	7	4	7	7	7	6
2999	6	6	6	6	6	6
3000	1	1	1	1	1	1
3001	6	6	6	6	6	6
3002	9	9	9	9	9	9
3003	4	4	4	4	4	4
3004	9	9	9	9	9	9
3005	8	8	8	8	8	8
3006	1	1	1	1	1	1
3007	0	0	0	0	0	0
3008	3	8	8	8	8	8
3009	1	1	1	1	1	1
3010	9	9	9	9	9	9
3011	0	0	0	0	0	0
3012	7	7	7	7	7	7
3013	8	8	8	8	8	8
3014	7	7	7	7	7	7
3015	9	9	9	9	9	9
3016	8	8	8	8	8	8
3017	4	4	4	4	4	4
3018	7	7	7	7	7	7
3019	0	0	0	0	0	0
3020	1	1	1	1	1	1
3021	9	9	9	9	9	9
3022	2	2	2	2	2	2
3023	7	7	7	7	7	7
3024	9	9	4	4	9	4
3025	8	8	8	8	8	8
3026	3	3	3	3	3	3
3027	1	1	1	1	1	1
3028	3	3	3	3	3	3
3029	7	7	7	7	7	7
3030	6	6	6	6	6	6
3031	0	0	0	0	0	0
3032	1	1	1	1	1	1
3033	9	9	9	9	9	9
3034	8	8	8	8	8	8
3035	0	0	0	0	0	0
3036	3	3	3	3	3	3
3037	8	8	8	8	8	8
3038	4	4	4	4	4	4
3039	0	0	0	0	0	0
3040	7	7	7	7	7	7
3041	5	5	5	5	5	5
3042	7	7	7	7	7	7
3043	2	5	8	8	5	8
3044	5	8	8	8	8	5
3045	7	9	7	7	7	7
3046	9	9	9	9	9	9
3047	6	6	6	6	6	6
3048	9	9	9	9	9	9
3049	6	6	6	6	6	6
3050	2	2	2	2	2	2
3051	5	5	5	5	5	5
3052	0	0	0	0	0	0
3053	9	9	9	9	9	9
3054	6	6	6	6	6	6
3055	6	6	6	6	6	6
3056	8	8	8	8	8	8
3057	4	5	4	4	4	4
3058	9	9	9	9	9	9
3059	6	6	6	6	6	6
3060	3	3	3	3	3	3
3061	1	1	1	1	1	1
3062	2	2	2	2	2	2
3063	4	4	4	4	4	4
3064	6	6	6	6	6	6
3065	5	5	5	5	5	5
3066	8	1	8	8	8	3
3067	7	7	7	7	7	7
3068	6	6	6	6	6	6
3069	6	6	6	6	6	6
3070	0	0	0	0	0	0
3071	0	0	0	0	0	0
3072	7	7	7	7	7	7
3073	9	9	9	9	9	9
3074	8	8	8	8	8	8
3075	4	4	7	4	4	4
3076	4	4	4	4	4	4
3077	4	4	4	4	4	4
3078	3	3	3	3	3	3
3079	8	8	8	8	8	8
3080	9	9	9	9	9	9
3081	3	1	5	3	8	3
3082	4	4	4	4	4	4
3083	4	4	4	4	4	4
3084	4	4	4	4	4	4
3085	0	0	0	0	0	0
3086	1	1	1	1	1	1
3087	5	5	5	5	5	5
3088	4	4	4	4	4	4
3089	9	9	9	9	9	9
3090	1	1	1	1	1	1
3091	3	3	3	3	3	3
3092	5	5	5	5	5	5
3093	2	2	2	2	2	2
3094	7	7	7	7	7	7
3095	0	0	0	0	0	0
3096	5	1	5	1	5	5
3097	9	9	9	9	9	9
3098	6	6	6	6	6	6
3099	1	1	1	1	1	1
3100	3	3	5	3	3	5
3101	9	9	9	9	4	9
3102	3	8	5	8	8	8
3103	5	7	5	5	5	8
3104	6	6	6	6	6	6
3105	0	0	0	0	0	0
3106	3	1	1	1	1	1
3107	7	9	9	7	9	7
3108	1	1	1	1	1	1
3109	0	0	0	0	0	0
3110	1	1	1	1	1	1
3111	3	1	2	2	2	1
3112	8	8	8	8	8	8
3113	0	0	0	0	0	0
3114	7	7	7	7	7	7
3115	8	8	8	8	8	8
3116	1	1	1	1	1	1
3117	7	9	9	7	7	7
3118	8	8	8	8	8	8
3119	8	8	8	8	8	8
3120	9	4	4	7	4	4
3121	5	5	5	5	5	5
3122	0	0	0	0	0	0
3123	9	9	9	4	9	9
3124	4	4	4	4	4	4
3125	0	0	0	0	0	0
3126	4	4	4	4	4	4
3127	3	3	3	3	3	3
3128	9	9	9	9	9	9
3129	4	4	4	4	4	4
3130	0	0	0	0	0	0
3131	6	6	6	6	6	6
3132	9	9	9	9	9	9
3133	7	7	7	7	7	7
3134	0	0	0	0	0	0
3135	5	5	5	5	5	5
3136	2	6	2	2	2	2
3137	1	1	1	1	1	1
3138	0	0	0	0	0	0
3139	7	7	7	7	7	7
3140	3	6	6	5	6	3
3141	1	1	1	1	1	1
3142	9	9	4	4	4	9
3143	2	2	2	2	2	2
3144	3	3	3	3	3	3
3145	0	0	0	0	0	0
3146	0	0	0	0	0	0
3147	5	5	5	5	5	5
3148	2	2	2	2	2	2
3149	1	1	1	1	1	1
3150	9	9	9	9	9	9
3151	2	2	2	2	2	2
3152	6	6	6	6	6	6
3153	1	1	1	1	1	1
3154	5	5	5	5	5	5
3155	9	9	9	7	9	7
3156	8	8	8	8	8	8
3157	5	5	5	5	5	5
3158	1	1	1	1	1	1
3159	6	6	6	6	6	6
3160	7	7	9	9	7	7
3161	9	7	9	9	9	7
3162	1	1	1	1	1	1
3163	4	4	4	4	4	4
3164	4	4	4	4	4	4
3165	0	0	0	0	0	0
3166	6	6	6	6	6	6
3167	1	1	1	1	1	1
3168	8	1	8	8	8	8
3169	3	3	8	7	5	3
3170	0	0	0	0	0	0
3171	0	0	0	0	0	0
3172	7	7	7	7	7	7
3173	6	6	6	6	6	6
3174	0	0	0	0	0	0
3175	6	6	6	6	6	6
3176	2	2	2	2	2	2
3177	7	7	7	7	7	7
3178	5	8	5	5	5	8
3179	7	7	7	7	7	7
3180	4	4	4	4	4	4
3181	9	4	4	4	4	4
3182	9	9	9	9	9	9
3183	1	1	1	1	1	1
3184	3	3	3	3	3	3
3185	3	3	3	3	3	3
3186	0	0	0	0	0	0
3187	6	6	6	6	6	6
3188	9	9	7	7	7	7
3189	1	1	1	1	1	1
3190	7	7	7	7	7	7
3191	8	8	8	8	8	5
3192	2	2	8	8	8	2
3193	5	5	5	5	8	5
3194	1	1	1	1	1	1
3195	7	7	7	7	7	7
3196	9	9	9	9	9	9
3197	5	1	5	5	5	1
3198	9	9	9	9	9	9
3199	1	1	1	1	1	1
3200	2	1	2	2	2	2
3201	2	2	2	2	2	2
3202	0	3	0	0	0	3
3203	5	5	5	5	5	5
3204	6	6	6	6	6	6
3205	3	3	3	3	3	3
3206	0	0	0	0	0	0
3207	5	8	5	5	5	5
3208	6	6	6	6	6	6
3209	1	1	1	1	1	1
3210	3	3	3	3	3	3
3211	9	9	9	9	9	9
3212	7	7	7	7	7	7
3213	8	8	8	8	8	8
3214	3	3	3	3	3	3
3215	4	4	4	4	4	4
3216	2	2	2	2	2	2
3217	1	1	1	1	1	1
3218	9	9	7	8	7	9
3219	0	0	0	0	0	0
3220	8	8	8	8	8	8
3221	2	2	2	2	2	2
3222	9	9	9	9	9	9
3223	6	6	6	6	6	6
3224	3	3	3	3	3	3
3225	9	9	9	9	9	9
3226	6	6	6	6	6	6
3227	3	3	3	3	3	3
3228	3	3	3	3	3	3
3229	3	3	3	3	3	3
3230	6	6	6	6	6	6
3231	5	5	5	5	5	5
3232	8	8	8	8	8	8
3233	4	4	4	4	4	4
3234	9	7	7	9	7	7
3235	8	8	8	8	8	8
3236	4	4	4	4	4	4
3237	5	5	5	5	5	5
3238	1	1	1	1	1	1
3239	6	6	6	2	2	6
3240	2	2	2	2	2	2
3241	3	3	3	3	3	3
3242	9	4	4	4	4	4
3243	7	7	7	7	7	7
3244	1	1	1	1	1	1
3245	0	0	0	0	0	0
3246	2	4	4	2	2	4
3247	0	0	0	0	0	0
3248	3	7	3	3	3	3
3249	9	9	9	9	9	9
3250	3	3	3	3	3	3
3251	1	1	1	1	1	1
3252	2	2	2	2	2	2
3253	9	9	9	9	9	9
3254	9	9	7	9	9	9
3255	8	8	8	8	8	8
3256	3	8	8	8	8	8
3257	1	1	1	1	1	1
3258	7	7	7	7	7	7
3259	6	6	6	6	6	6
3260	9	7	9	9	9	9
3261	9	9	9	9	9	9
3262	3	3	5	3	3	3
3263	6	6	6	6	6	6
3264	9	9	9	9	9	9
3265	3	3	3	3	3	3
3266	1	1	1	1	1	1
3267	4	4	4	4	4	4
3268	3	8	8	8	8	8
3269	1	1	1	1	1	1
3270	9	9	9	9	9	9
3271	9	4	9	9	9	4
3272	7	7	7	7	7	7
3273	5	5	5	5	5	5
3274	3	7	3	3	3	3
3275	3	3	3	3	3	3
3276	8	8	8	8	8	8
3277	9	9	9	9	9	9
3278	6	6	6	6	6	6
3279	2	0	0	2	2	0
3280	7	7	7	7	7	7
3281	6	5	6	6	6	5
3282	4	4	4	4	4	4
3283	8	8	8	8	8	8
3284	7	7	7	7	7	7
3285	4	4	4	4	4	4
3286	4	4	4	4	4	4
3287	5	9	9	5	5	9
3288	0	0	0	0	0	0
3289	3	3	3	3	3	3
3290	2	2	2	2	2	2
3291	1	1	1	1	1	1
3292	6	5	6	6	6	5
3293	0	0	0	0	0	0
3294	5	5	5	5	5	5
3295	9	9	9	9	9	9
3296	7	7	7	7	7	7
3297	6	6	6	6	6	6
3298	8	8	8	8	8	8
3299	5	5	5	9	9	5
3300	3	3	3	3	3	3
3301	0	0	0	0	0	0
3302	1	1	1	1	1	1
3303	0	0	0	0	0	0
3304	1	1	1	1	1	1
3305	0	0	0	0	0	0
3306	3	3	3	3	3	3
3307	5	5	5	5	5	5
3308	6	5	5	6	5	5
3309	2	2	2	2	2	2
3310	0	0	0	0	0	0
3311	6	6	6	6	6	6
3312	1	1	1	1	1	1
3313	2	2	2	2	2	2
3314	8	8	8	8	8	8
3315	9	9	9	9	9	9
3316	7	7	7	7	7	7
3317	9	9	9	9	9	9
3318	9	9	9	9	9	9
3319	9	9	9	9	9	9
3320	7	7	7	7	7	7
3321	3	3	3	3	3	3
3322	7	7	7	7	7	7
3323	1	1	1	1	1	1
3324	9	9	9	9	9	9
3325	3	3	3	3	3	3
3326	1	1	1	1	1	1
3327	5	4	5	5	5	8
3328	4	4	4	4	4	4
3329	9	4	4	4	4	4
3330	6	6	6	6	6	6
3331	1	1	1	1	1	1
3332	7	7	7	7	7	7
3333	2	2	2	2	2	2
3334	1	1	1	1	1	1
3335	2	2	2	2	2	2
3336	7	7	7	7	7	7
3337	5	5	5	5	5	5
3338	6	6	6	6	6	6
3339	3	3	3	3	8	3
3340	2	2	2	2	2	2
3341	7	7	7	0	7	7
3342	0	0	0	0	0	0
3343	7	7	7	7	7	7
3344	0	0	0	0	0	0
3345	4	4	4	4	4	4
3346	1	1	1	1	1	1
3347	3	3	3	3	3	3
3348	5	5	5	5	5	5
3349	0	0	0	0	0	0
3350	6	6	6	6	6	6
3351	1	1	1	1	1	1
3352	8	8	8	8	8	8
3353	3	3	3	3	3	3
3354	1	1	1	1	1	1
3355	5	5	5	5	5	5
3356	3	3	3	3	3	3
3357	7	7	7	7	7	7
3358	0	0	0	0	0	0
3359	2	2	2	2	2	2
3360	9	9	9	9	9	9
3361	1	1	1	1	1	1
3362	8	8	8	8	8	8
3363	8	8	8	8	8	8
3364	9	9	9	9	9	9
3365	0	0	0	0	0	0
3366	3	3	3	3	3	3
3367	6	6	6	6	6	6
3368	3	3	3	3	3	3
3369	5	5	5	5	5	5
3370	7	7	7	7	7	7
3371	5	5	5	5	5	5
3372	4	8	8	6	4	8
3373	4	4	4	4	4	4
3374	3	3	3	3	3	3
3375	4	4	4	4	4	4
3376	2	2	2	2	2	2
3377	0	0	0	0	0	0
3378	9	9	9	9	9	9
3379	6	6	6	6	6	6
3380	3	3	3	5	3	5
3381	2	2	2	2	2	2
3382	2	2	2	2	2	2
3383	5	5	5	5	5	5
3384	2	2	2	2	2	2
3385	0	0	0	0	0	0
3386	0	0	0	0	0	0
3387	4	4	4	4	4	4
3388	2	2	2	2	2	2
3389	1	1	1	1	1	1
3390	0	0	0	0	0	0
3391	1	1	1	1	1	1
3392	8	1	1	1	1	1
3393	1	1	1	1	1	1
3394	2	2	2	2	2	2
3395	2	2	2	2	2	2
3396	8	1	1	1	1	1
3397	3	6	3	3	6	3
3398	6	6	6	6	6	6
3399	3	8	3	3	3	3
3400	4	4	4	4	4	4
3401	0	0	0	0	0	0
3402	6	6	6	6	6	6
3403	9	9	9	9	9	9
3404	3	3	3	3	3	3
3405	9	9	9	9	9	9
3406	0	0	0	0	0	0
3407	8	8	8	8	8	8
3408	9	9	9	9	9	9
3409	9	9	9	9	4	9
3410	1	1	1	1	1	1
3411	3	3	3	3	3	3
3412	4	4	4	4	4	4
3413	8	4	4	4	4	4
3414	3	2	2	5	2	2
3415	2	2	2	2	2	2
3416	0	4	4	0	8	0
3417	3	3	3	3	3	3
3418	5	5	5	5	5	5
3419	8	8	8	8	8	8
3420	3	1	8	8	8	8
3421	4	4	4	4	4	4
3422	8	8	8	8	8	8
3423	1	1	1	1	1	1
3424	3	3	3	3	3	3
3425	4	4	4	4	4	4
3426	7	7	7	7	7	7
3427	0	0	0	0	0	0
3428	9	9	9	4	9	9
3429	1	1	1	1	1	1
3430	6	6	6	6	6	6
3431	2	2	2	2	2	2
3432	4	4	4	4	4	4
3433	2	2	2	2	2	2
3434	8	1	1	1	1	1
3435	4	4	4	4	4	4
3436	7	8	7	7	7	7
3437	9	9	9	4	9	9
3438	9	9	9	9	9	9
3439	1	1	1	1	1	1
3440	3	3	3	3	2	7
3441	6	4	6	6	6	6
3442	1	1	1	1	1	1
3443	7	7	7	7	7	7
3444	7	7	7	7	7	7
3445	6	6	6	6	6	6
3446	9	7	9	9	9	7
3447	8	1	8	8	1	8
3448	2	2	2	2	2	2
3449	6	6	6	6	6	6
3450	9	9	4	4	4	9
3451	4	4	4	4	4	4
3452	2	2	2	2	2	2
3453	1	1	1	1	1	1
3454	2	2	2	2	2	2
3455	3	7	7	3	7	3
3456	9	9	9	9	9	9
3457	9	9	9	9	9	9
3458	1	1	1	1	1	1
3459	5	5	5	5	5	5
3460	1	1	1	1	1	1
3461	9	0	9	0	9	0
3462	0	0	0	0	0	0
3463	4	4	4	4	4	4
3464	4	9	4	4	4	9
3465	2	2	2	2	2	2
3466	7	7	7	7	7	7
3467	3	3	3	3	3	5
3468	7	7	7	7	7	7
3469	2	8	8	2	2	8
3470	1	1	1	1	1	1
3471	0	0	0	0	0	0
3472	6	6	6	6	6	6
3473	0	0	0	0	0	0
3474	6	6	6	6	6	6
3475	1	1	1	1	1	1
3476	3	8	8	8	8	8
3477	2	2	2	2	2	2
3478	9	9	9	9	9	9
3479	3	3	3	3	3	3
3480	8	8	8	8	8	8
3481	2	2	2	2	2	2
3482	9	9	9	9	9	9
3483	4	4	4	4	4	4
3484	8	8	8	8	8	8
3485	3	3	3	2	3	3
3486	8	8	8	6	8	8
3487	4	4	4	4	4	4
3488	8	8	8	8	8	8
3489	0	0	0	0	0	0
3490	3	3	3	3	3	3
3491	4	4	4	4	4	4
3492	4	4	4	4	4	4
3493	3	3	3	0	3	3
3494	4	4	4	4	4	4
3495	3	3	3	3	3	3
3496	2	8	2	2	2	2
3497	0	0	0	0	0	0
3498	6	6	6	6	6	6
3499	2	8	2	2	2	2
3500	3	3	3	3	3	3
3501	0	0	0	0	0	0
3502	4	4	4	4	4	6
3503	0	0	0	0	0	0
3504	7	7	7	7	7	7
3505	6	6	6	6	6	6
3506	0	0	0	0	0	0
3507	6	6	6	6	6	6
3508	3	3	3	3	3	3
3509	2	3	2	2	2	2
3510	6	6	6	6	6	6
3511	2	2	2	2	2	2
3512	3	3	3	3	3	3
3513	7	7	7	7	7	7
3514	1	1	1	1	1	1
3515	6	6	6	6	6	6
3516	1	1	1	1	1	1
3517	1	1	1	1	1	1
3518	4	4	4	6	4	4
3519	2	2	2	2	2	2
3520	3	3	3	3	0	5
3521	9	4	4	4	4	4
3522	9	9	9	9	9	9
3523	8	8	8	8	8	8
3524	6	6	6	6	6	6
3525	0	0	0	0	0	0
3526	5	5	5	5	5	5
3527	1	1	1	1	1	1
3528	7	7	7	7	7	7
3529	3	3	3	3	3	3
3530	7	7	7	7	7	7
3531	2	2	2	2	2	2
3532	3	3	3	3	3	3
3533	0	0	0	0	0	0
3534	4	4	4	4	4	4
3535	9	4	4	4	4	4
3536	8	8	8	8	8	8
3537	3	3	3	3	3	3
3538	3	3	3	3	3	3
3539	2	2	2	2	2	2
3540	4	4	4	4	4	2
3541	7	7	7	7	7	7
3542	8	8	8	8	8	8
3543	0	0	0	0	0	0
3544	2	2	2	2	2	2
3545	0	0	0	0	0	0
3546	7	7	7	7	7	7
3547	4	4	4	4	4	4
3548	3	8	8	8	8	3
3549	6	6	6	6	6	6
3550	7	7	7	7	7	7
3551	4	4	4	4	4	4
3552	6	6	6	6	6	6
3553	5	5	5	5	5	5
3554	7	7	7	7	7	7
3555	8	1	1	1	1	1
3556	3	3	3	3	3	3
3557	4	4	4	4	4	4
3558	8	8	8	8	8	8
3559	3	3	3	3	3	3
3560	1	1	1	1	1	1
3561	9	9	9	9	9	9
3562	6	6	6	6	6	6
3563	3	3	3	3	3	3
3564	5	5	5	5	5	5
3565	6	6	6	6	6	6
3566	9	9	9	9	9	9
3567	3	3	3	3	3	3
3568	0	0	0	0	0	0
3569	3	3	3	3	3	3
3570	8	8	8	8	8	8
3571	6	6	6	6	6	6
3572	4	4	4	4	4	4
3573	0	0	0	0	0	0
3574	2	2	2	2	2	2
3575	6	6	6	6	6	6
3576	7	7	7	7	7	7
3577	2	2	2	2	2	2
3578	8	8	8	8	8	8
3579	2	2	2	2	2	2
3580	6	6	6	6	6	6
3581	7	7	7	7	7	7
3582	3	3	3	3	3	3
3583	2	3	2	2	2	2
3584	1	1	1	1	1	1
3585	3	3	3	3	3	3
3586	9	9	9	9	9	9
3587	5	5	5	5	5	5
3588	8	8	8	8	8	8
3589	7	7	7	7	7	7
3590	2	2	2	2	2	2
3591	1	1	1	1	1	1
3592	8	8	8	8	8	8
3593	9	9	9	7	9	7
3594	8	8	8	8	8	8
3595	4	4	4	4	4	4
3596	0	0	0	0	0	0
3597	3	8	8	8	8	8
3598	2	2	2	2	2	2
3599	1	1	1	1	1	1
3600	4	4	4	4	4	4
3601	6	6	6	6	6	6
3602	1	1	1	1	1	1
3603	2	2	2	2	2	2
3604	3	3	3	3	3	3
3605	5	5	5	5	1	5
3606	4	5	4	4	4	4
3607	9	9	9	9	9	9
3608	7	7	7	7	7	7
3609	8	8	8	8	8	8
3610	2	2	2	2	2	2
3611	5	5	5	5	5	5
3612	3	3	3	3	3	3
3613	4	4	4	4	4	4
3614	4	4	4	4	4	4
3615	7	9	7	7	7	9
3616	7	7	7	7	7	7
3617	9	9	9	9	9	9
3618	8	8	8	8	8	8
3619	2	2	2	2	2	2
3620	4	4	4	4	4	4
3621	5	5	5	5	5	5
3622	3	3	3	3	3	3
3623	0	0	0	0	0	0
3624	6	6	6	6	6	6
3625	4	4	4	4	4	4
3626	7	7	7	7	7	7
3627	0	0	0	0	0	0
3628	1	1	1	1	1	1
3629	4	4	4	4	4	4
3630	9	9	9	9	9	9
3631	8	5	8	8	5	5
3632	8	8	8	8	8	8
3633	7	7	7	7	7	7
3634	7	7	7	7	7	7
3635	9	9	9	9	9	9
3636	9	9	9	9	9	9
3637	6	6	6	6	6	6
3638	0	0	0	0	0	0
3639	0	0	0	0	0	0
3640	7	4	7	7	4	7
3641	2	2	2	2	2	2
3642	7	7	7	7	7	7
3643	9	9	9	9	9	9
3644	6	6	6	6	6	6
3645	9	9	9	9	9	9
3646	2	8	8	2	2	8
3647	6	6	6	6	6	6
3648	5	5	5	5	5	5
3649	4	4	4	4	4	4
3650	6	6	6	6	6	6
3651	2	1	2	2	8	8
3652	9	4	9	9	9	4
3653	9	7	9	9	8	7
3654	6	6	6	6	6	6
3655	7	7	7	7	7	7
3656	8	8	8	8	8	8
3657	8	8	8	8	8	8
3658	5	5	5	5	5	5
3659	4	4	4	4	4	4
3660	8	5	8	8	8	5
3661	2	2	2	2	2	2
3662	2	8	2	2	2	2
3663	2	1	2	8	2	8
3664	1	1	1	1	1	1
3665	7	7	7	7	7	7
3666	3	8	3	3	8	8
3667	5	5	5	5	5	5
3668	6	6	6	6	6	6
3669	2	8	6	2	8	2
3670	6	6	4	6	6	6
3671	8	8	8	8	8	8
3672	0	0	0	0	0	0
3673	5	5	5	5	5	8
3674	7	9	7	7	7	7
3675	8	1	8	8	8	8
3676	4	4	4	4	4	4
3677	5	5	5	5	5	5
3678	9	9	9	9	9	9
3679	6	6	6	6	6	6
3680	2	2	2	2	2	2
3681	5	5	5	5	5	5
3682	0	0	0	0	0	0
3683	5	5	5	5	5	5
3684	6	6	6	6	6	6
3685	2	2	2	2	2	2
3686	4	4	4	4	4	4
3687	0	0	0	0	0	0
3688	3	5	8	5	8	5
3689	6	6	6	6	6	6
3690	4	4	4	4	4	4
3691	3	3	3	3	3	3
3692	3	3	3	3	3	3
3693	3	3	3	3	3	3
3694	0	0	0	0	0	0
3695	4	4	4	4	4	4
3696	1	1	1	1	1	1
3697	1	1	1	1	1	1
3698	8	5	8	8	8	5
3699	5	5	5	5	5	5
3700	5	5	5	5	5	5
3701	3	0	3	3	3	3
3702	7	7	7	7	7	7
3703	0	3	3	0	0	3
3704	8	8	8	8	8	8
3705	4	4	4	4	4	4
3706	4	9	9	9	9	9
3707	0	0	0	0	0	0
3708	8	8	8	8	8	1
3709	9	9	9	9	9	9
3710	4	4	4	4	4	4
3711	3	8	8	8	3	3
3712	3	3	3	3	3	3
3713	5	5	5	5	5	5
3714	2	2	2	2	2	2
3715	3	3	3	3	3	3
3716	4	4	4	4	4	4
3717	2	2	2	2	2	2
3718	2	2	2	2	2	2
3719	4	5	4	4	4	4
3720	7	7	7	7	7	7
3721	9	7	9	7	9	7
3722	3	3	3	3	3	3
3723	8	8	8	8	8	8
3724	0	0	0	0	0	0
3725	3	3	3	3	3	3
3726	0	0	0	0	0	0
3727	6	6	4	6	6	6
3728	6	6	6	6	6	6
3729	5	5	5	5	5	5
3730	9	9	9	3	8	9
3731	7	7	7	7	7	7
3732	6	6	6	6	6	6
3733	6	5	6	6	5	6
3734	0	0	0	0	0	0
3735	8	8	8	8	8	8
3736	1	1	1	1	1	1
3737	2	6	2	2	2	6
3738	2	2	2	2	2	2
3739	4	4	4	4	4	4
3740	7	7	7	7	7	7
3741	8	2	8	8	8	5
3742	8	1	8	8	8	8
3743	6	6	6	6	6	6
3744	1	1	1	1	1	1
3745	6	6	6	6	6	6
3746	0	0	0	0	0	0
3747	6	6	6	6	6	6
3748	4	4	4	4	4	4
3749	7	7	7	7	7	7
3750	9	9	9	9	9	9
3751	4	4	4	4	4	4
3752	7	7	7	7	7	7
3753	3	3	3	3	3	3
3754	7	7	7	7	7	7
3755	2	2	2	2	2	2
3756	6	4	9	9	5	8
3757	1	1	1	1	1	1
3758	0	0	0	0	0	0
3759	4	4	4	4	4	4
3760	3	1	8	3	8	3
3761	7	7	7	7	7	7
3762	4	4	4	4	4	4
3763	9	9	4	4	4	9
3764	5	5	5	5	5	5
3765	9	9	9	9	9	9
3766	2	2	2	2	2	2
3767	3	3	3	3	3	3
3768	8	8	1	1	8	8
3769	6	6	6	6	6	6
3770	9	9	9	9	9	9
3771	6	6	6	6	6	6
3772	1	1	1	1	1	1
3773	5	9	5	5	5	5
3774	9	9	9	9	9	9
3775	9	9	9	9	9	9
3776	6	6	6	6	6	6
3777	8	1	1	1	1	1
3778	6	6	6	6	6	6
3779	5	5	5	5	5	5
3780	4	4	4	4	4	4
3781	8	8	8	8	8	8
3782	0	0	0	0	0	0
3783	5	5	5	5	5	5
3784	4	4	4	4	4	4
3785	4	4	4	4	4	4
3786	2	2	2	2	2	2
3787	9	9	9	9	9	9
3788	3	3	3	3	3	3
3789	6	6	6	6	6	6
3790	8	8	8	8	8	8
3791	1	1	1	1	1	1
3792	8	4	8	8	8	8
3793	4	4	4	4	4	4
3794	9	9	9	9	9	9
3795	9	9	9	9	9	9
3796	1	1	1	1	1	1
3797	1	1	1	1	1	1
3798	9	9	7	9	9	9
3799	9	9	9	9	9	9
3800	4	4	4	4	4	4
3801	9	9	9	9	9	9
3802	8	8	8	8	8	8
3803	0	0	6	6	6	0
3804	1	1	1	1	1	1
3805	7	7	7	7	7	7
3806	3	7	3	3	3	3
3807	3	3	3	3	3	3
3808	1	1	1	1	1	1
3809	5	5	5	5	5	5
3810	4	4	4	4	4	4
3811	3	8	3	2	2	2
3812	2	2	2	2	2	2
3813	9	9	9	9	9	9
3814	5	3	5	5	5	3
3815	1	1	1	1	1	1
3816	7	7	7	7	7	7
3817	9	7	9	9	9	7
3818	2	7	2	2	2	7
3819	5	5	5	5	5	5
3820	0	0	0	0	0	0
3821	9	9	9	9	9	9
3822	2	4	2	2	2	5
3823	3	3	3	3	3	3
3824	0	0	0	0	0	0
3825	0	0	0	0	0	0
3826	5	9	7	5	5	9
3827	0	0	0	0	0	0
3828	1	1	1	1	1	1
3829	2	2	2	2	2	2
3830	8	8	8	8	8	8
3831	4	4	4	4	4	4
3832	2	2	2	2	2	2
3833	7	7	7	7	7	7
3834	2	2	2	2	2	2
3835	5	1	5	5	8	5
3836	1	1	1	1	1	1
3837	0	0	0	0	0	0
3838	5	5	5	5	5	5
3839	8	8	8	8	8	8
3840	9	9	9	9	9	9
3841	5	5	5	5	5	5
3842	0	0	0	0	0	0
3843	8	8	8	8	8	8
3844	5	5	5	5	5	5
3845	5	5	5	5	5	5
3846	9	9	9	9	9	9
3847	6	6	6	6	6	6
3848	8	9	4	4	4	4
3849	9	9	9	4	9	9
3850	6	6	6	6	6	6
3851	0	0	0	0	0	8
3852	3	5	3	3	3	3
3853	0	0	0	0	0	0
3854	8	8	8	8	8	8
3855	3	3	3	3	3	3
3856	5	5	5	5	5	5
3857	0	0	0	0	0	0
3858	9	9	7	7	9	9
3859	7	7	7	7	7	7
3860	3	3	3	3	3	3
3861	8	7	7	8	7	7
3862	2	2	2	2	2	2
3863	1	1	1	1	1	1
3864	6	0	6	6	6	6
3865	3	3	3	3	3	3
3866	8	8	8	8	8	8
3867	9	9	9	9	9	9
3868	0	0	0	0	0	0
3869	3	3	3	3	3	3
3870	0	0	0	0	0	0
3871	1	1	1	1	1	1
3872	8	8	8	8	8	8
3873	9	9	4	9	9	9
3874	2	2	2	2	2	2
3875	4	4	4	4	4	4
3876	4	4	4	4	4	4
3877	2	2	2	2	2	2
3878	0	0	0	0	0	0
3879	1	1	1	1	1	1
3880	0	0	0	0	2	0
3881	8	8	8	8	8	8
3882	4	4	4	4	4	4
3883	0	0	0	0	0	0
3884	8	9	8	8	8	8
3885	3	8	5	5	5	8
3886	6	6	6	6	6	6
3887	8	8	8	8	8	8
3888	2	2	2	2	2	2
3889	1	1	1	1	1	1
3890	9	8	8	8	8	9
3891	0	0	0	0	0	0
3892	3	3	3	3	3	3
3893	3	3	3	3	3	3
3894	6	6	6	6	6	6
3895	5	5	5	5	5	5
3896	3	3	3	3	3	3
3897	1	1	1	1	1	1
3898	8	8	8	8	8	8
3899	3	7	7	7	7	7
3900	4	4	4	4	4	4
3901	2	2	2	3	2	2
3902	0	0	0	0	0	0
3903	6	6	6	6	6	6
3904	9	9	9	9	9	9
3905	9	9	9	9	9	9
3906	8	8	8	8	8	8
3907	9	4	4	4	4	4
3908	4	4	4	4	4	4
3909	5	8	5	5	5	8
3910	8	8	8	8	8	8
3911	0	0	0	0	0	0
3912	7	7	7	7	7	7
3913	0	0	0	0	0	0
3914	9	9	9	9	9	9
3915	7	7	7	7	7	7
3916	1	1	1	1	1	1
3917	8	8	8	8	8	8
3918	7	9	7	7	7	7
3919	7	7	7	7	7	7
3920	7	7	7	7	7	7
3921	6	6	6	6	6	6
3922	8	8	8	9	8	8
3923	6	6	6	6	6	6
3924	1	1	1	1	1	1
3925	3	8	5	3	3	8
3926	7	7	7	7	7	7
3927	5	5	5	5	5	8
3928	2	2	2	2	2	2
3929	0	0	0	0	0	0
3930	2	2	2	2	2	2
3931	3	3	3	3	3	3
3932	3	8	3	3	3	5
3933	0	0	0	0	0	0
3934	1	1	1	1	1	1
3935	1	1	1	1	1	1
3936	8	8	8	8	8	8
3937	7	7	7	7	7	7
3938	7	7	7	7	7	7
3939	3	5	5	5	5	5
3940	4	9	4	4	4	9
3941	1	1	1	1	1	1
3942	0	3	0	0	0	0
3943	3	8	8	8	8	8
3944	4	4	4	4	4	4
3945	7	7	7	7	7	7
3946	0	0	0	0	0	0
3947	0	0	0	0	0	0
3948	9	9	9	9	9	9
3949	8	8	8	8	8	8
3950	9	9	9	4	9	9
3951	7	7	7	7	7	7
3952	3	3	3	3	3	3
3953	0	0	0	0	0	0
3954	1	1	1	1	1	1
3955	5	6	5	5	5	5
3956	9	4	4	4	4	4
3957	9	9	9	9	9	9
3958	1	1	1	1	1	1
3959	9	9	9	9	9	9
3960	2	2	2	2	2	2
3961	0	4	2	0	5	5
3962	3	3	3	3	3	3
3963	0	0	0	0	0	0
3964	3	3	3	3	3	3
3965	8	8	8	8	8	8
3966	6	6	6	6	6	6
3967	2	2	2	2	2	2
3968	3	3	3	3	3	3
3969	5	5	5	5	5	5
3970	2	6	2	2	2	6
3971	4	4	4	4	4	4
3972	8	1	8	6	8	2
3973	0	0	0	0	0	0
3974	5	5	5	5	5	5
3975	5	5	5	5	5	5
3976	9	9	9	9	9	9
3977	3	3	3	3	3	3
3978	3	3	3	3	3	3
3979	0	0	0	0	0	0
3980	7	7	7	7	7	7
3981	8	5	8	5	8	5
3982	7	7	7	7	7	7
3983	7	7	7	7	7	7
3984	9	9	9	9	9	9
3985	9	9	9	9	9	9
3986	4	4	4	4	4	4
3987	7	7	7	7	7	7
3988	8	8	8	8	8	8
3989	2	2	2	2	2	2
3990	1	1	1	1	1	1
3991	4	4	4	4	4	4
3992	6	6	6	6	6	6
3993	0	0	0	0	0	0
3994	1	1	1	1	1	1
3995	6	6	6	6	6	6
3996	1	1	1	1	1	1
3997	1	1	1	1	1	1
3998	9	9	9	9	9	9
3999	7	7	7	7	7	7
4000	2	2	2	2	2	2
4001	2	2	2	2	2	2
4002	4	4	4	4	4	4
4003	3	3	3	3	3	3
4004	3	8	8	8	8	8
4005	9	9	9	9	9	9
4006	3	3	3	3	3	3
4007	9	9	9	9	9	9
4008	0	0	0	0	0	0
4009	2	6	2	2	2	2
4010	1	1	1	1	1	1
4011	5	5	5	5	5	5
4012	0	0	0	0	0	0
4013	5	5	5	5	5	5
4014	2	2	2	2	2	2
4015	5	5	5	5	5	5
4016	5	5	5	5	5	5
4017	1	1	1	1	1	1
4018	4	4	4	4	4	4
4019	3	3	3	3	3	3
4020	3	3	3	3	3	3
4021	7	7	7	7	7	7
4022	7	7	7	7	7	7
4023	1	8	2	1	1	1
4024	4	4	4	4	4	4
4025	7	7	7	7	7	7
4026	1	1	1	1	1	1
4027	5	5	5	5	5	5
4028	8	8	8	8	8	8
4029	2	2	2	2	2	2
4030	4	4	4	4	4	4
4031	1	1	1	1	1	1
4032	0	0	0	0	0	0
4033	4	4	4	4	4	4
4034	6	6	4	6	6	6
4035	3	3	3	3	3	3
4036	8	8	8	8	8	8
4037	4	4	4	4	4	4
4038	6	6	6	6	6	2
4039	3	1	3	3	3	3
4040	3	3	3	3	3	3
4041	4	9	4	4	4	4
4042	8	8	8	8	8	8
4043	3	8	8	8	8	8
4044	0	0	0	0	0	0
4045	7	7	7	7	7	7
4046	1	1	1	1	1	1
4047	6	6	6	6	6	6
4048	3	3	3	3	3	3
4049	4	4	4	4	4	6
4050	9	9	9	9	9	9
4051	3	8	2	2	2	2
4052	7	7	7	7	7	7
4053	2	2	2	2	2	2
4054	8	8	8	8	8	8
4055	7	7	7	7	7	7
4056	6	6	6	6	6	6
4057	4	4	4	4	4	4
4058	0	0	0	0	0	0
4059	2	8	2	2	2	2
4060	3	3	3	3	3	5
4061	1	1	1	1	1	1
4062	1	1	1	1	1	1
4063	3	3	3	3	3	3
4064	3	3	3	3	3	3
4065	5	5	5	5	5	5
4066	2	2	2	2	2	2
4067	3	3	3	3	3	3
4068	4	4	4	4	4	4
4069	0	0	0	0	0	0
4070	9	9	9	9	9	9
4071	9	4	9	9	4	9
4072	1	1	1	1	1	1
4073	1	1	1	1	1	1
4074	5	5	5	5	5	5
4075	6	6	6	6	6	6
4076	0	0	0	0	0	0
4077	8	8	8	8	8	8
4078	7	7	7	7	7	7
4079	4	9	8	4	4	4
4080	9	9	9	9	9	9
4081	9	4	4	4	4	4
4082	1	1	1	1	1	1
4083	1	1	1	1	1	1
4084	2	2	2	2	2	2
4085	4	4	4	4	4	4
4086	2	7	7	2	2	7
4087	4	9	4	4	4	9
4088	9	9	9	9	9	9
4089	6	6	6	6	6	6
4090	8	8	8	8	8	8
4091	9	9	9	9	9	9
4092	2	2	2	2	2	2
4093	2	2	2	2	2	2
4094	8	8	8	3	8	8
4095	9	9	9	9	9	9
4096	1	1	1	1	1	1
4097	0	0	0	0	0	0
4098	2	2	2	2	2	2
4099	0	0	0	0	0	0
4100	9	9	9	3	9	9
4101	6	6	6	6	6	6
4102	5	5	5	5	5	5
4103	9	4	9	9	9	9
4104	2	8	8	8	8	8
4105	7	7	7	7	7	7
4106	2	3	2	2	2	2
4107	1	1	1	1	1	1
4108	6	6	6	6	6	6
4109	6	6	6	6	6	6
4110	5	5	5	5	5	5
4111	8	8	8	8	8	8
4112	5	5	5	5	5	5
4113	3	7	3	3	3	3
4114	4	4	4	4	4	4
4115	3	5	5	5	5	5
4116	5	5	5	5	5	5
4117	0	0	0	0	0	0
4118	7	7	7	7	7	7
4119	9	9	9	9	9	9
4120	1	1	1	1	1	1
4121	8	8	8	8	8	8
4122	3	3	3	3	3	5
4123	6	6	6	6	6	6
4124	5	5	5	5	5	5
4125	5	5	5	5	5	5
4126	6	6	6	6	6	6
4127	7	7	7	7	7	7
4128	4	4	4	4	4	4
4129	5	3	5	5	5	5
4130	7	7	7	7	7	7
4131	8	8	8	8	8	8
4132	0	0	0	0	0	0
4133	1	1	1	1	1	1
4134	2	8	3	2	2	2
4135	7	7	7	7	7	7
4136	3	3	3	3	2	3
4137	3	3	3	3	3	3
4138	5	5	5	5	5	5
4139	9	9	9	9	9	9
4140	0	0	0	0	0	0
4141	6	6	6	6	6	6
4142	5	5	5	5	5	5
4143	7	9	7	7	7	9
4144	9	4	4	4	4	4
4145	1	1	1	1	1	1
4146	6	6	6	6	6	6
4147	1	1	1	1	1	1
4148	5	8	5	5	5	8
4149	0	0	0	0	0	0
4150	5	5	5	5	5	5
4151	4	9	9	9	4	9
4152	8	1	1	1	1	1
4153	8	5	8	5	2	5
4154	9	9	9	9	9	9
4155	1	1	1	1	1	1
4156	9	9	9	9	9	9
4157	5	5	5	5	5	5
4158	3	3	3	5	3	3
4159	1	1	1	1	1	1
4160	6	6	6	6	6	6
4161	0	0	0	0	0	0
4162	1	1	1	1	1	1
4163	5	5	5	5	5	5
4164	6	6	6	6	6	6
4165	8	8	8	8	8	8
4166	0	0	0	0	0	0
4167	3	3	3	3	3	3
4168	4	9	4	4	4	4
4169	1	1	1	1	1	1
4170	6	6	6	6	6	6
4171	6	6	6	6	6	6
4172	9	9	4	4	4	9
4173	2	2	2	2	2	2
4174	0	0	0	0	0	0
4175	6	6	6	6	6	6
4176	3	3	3	3	3	3
4177	8	8	8	8	8	8
4178	2	8	2	2	2	8
4179	9	9	9	9	9	9
4180	3	6	2	2	2	3
4181	9	9	9	9	9	9
4182	3	3	3	3	3	9
4183	6	6	6	6	6	6
4184	2	3	2	2	2	2
4185	1	1	1	1	1	1
4186	7	7	7	7	7	7
4187	1	1	1	1	1	1
4188	2	0	3	2	0	0
4189	0	0	0	0	0	0
4190	1	1	1	1	1	1
4191	3	3	3	3	3	3
4192	3	5	3	3	2	5
4193	1	1	1	1	1	1
4194	3	3	3	3	3	3
4195	9	9	9	9	9	9
4196	3	8	2	3	2	2
4197	4	4	4	4	4	4
4198	3	3	3	3	3	3
4199	9	9	9	9	9	9
4200	8	9	8	8	8	8
4201	0	0	0	0	0	0
4202	5	5	5	5	5	5
4203	6	6	6	6	6	6
4204	6	6	6	6	6	6
4205	5	5	5	5	5	5
4206	6	6	6	6	6	6
4207	3	1	8	2	8	8
4208	1	1	1	1	1	1
4209	1	1	1	1	1	1
4210	7	7	7	7	7	7
4211	3	1	8	8	8	8
4212	2	2	2	2	2	2
4213	7	7	7	7	7	7
4214	9	9	9	9	9	9
4215	2	2	2	2	2	2
4216	8	8	8	8	8	8
4217	9	9	9	9	9	9
4218	9	9	9	9	9	9
4219	8	8	8	8	8	8
4220	9	9	9	9	9	9
4221	1	1	1	1	1	1
4222	0	0	0	0	0	0
4223	8	8	8	8	8	8
4224	4	4	4	4	4	4
4225	8	8	8	8	8	8
4226	5	5	5	5	5	5
4227	6	6	6	6	6	6
4228	2	8	8	2	8	8
4229	2	2	2	2	2	2
4230	2	2	2	2	2	2
4231	0	6	0	0	0	6
4232	3	3	3	3	3	3
4233	4	4	4	4	4	4
4234	3	2	3	3	3	2
4235	9	9	9	9	9	9
4236	6	6	6	6	6	6
4237	5	5	8	5	5	8
4238	5	1	1	1	1	1
4239	2	3	2	2	2	2
4240	0	0	0	0	0	0
4241	5	5	5	5	5	5
4242	8	8	8	8	8	8
4243	3	9	3	3	3	9
4244	7	7	7	7	7	7
4245	1	1	1	1	1	1
4246	0	9	9	9	0	0
4247	1	1	1	1	1	1
4248	0	6	0	0	0	0
4249	2	2	2	2	2	2
4250	3	3	3	3	3	3
4251	4	4	4	4	4	4
4252	7	7	7	7	7	7
4253	5	5	5	5	5	5
4254	0	0	0	0	0	0
4255	4	4	4	4	4	4
4256	5	5	5	5	5	5
4257	4	4	4	4	4	4
4258	2	2	2	2	2	2
4259	4	4	4	4	4	4
4260	7	7	7	7	7	7
4261	5	5	5	5	5	5
4262	5	5	5	5	5	5
4263	6	6	6	6	6	6
4264	9	9	9	9	9	9
4265	4	4	4	4	4	4
4266	9	9	4	9	9	9
4267	4	4	4	4	4	4
4268	4	4	4	4	4	4
4269	6	6	0	6	6	6
4270	3	3	3	3	3	3
4271	9	9	9	9	9	9
4272	4	9	4	4	4	4
4273	6	6	6	6	6	6
4274	6	6	6	6	6	6
4275	2	2	2	2	2	2
4276	5	5	5	5	5	5
4277	9	9	9	9	9	9
4278	0	0	0	0	0	0
4279	8	5	8	5	8	5
4280	9	9	9	9	9	9
4281	5	3	5	3	5	3
4282	6	6	6	6	6	6
4283	8	8	8	8	8	3
4284	1	1	1	1	1	1
4285	3	3	3	3	3	3
4286	9	9	9	9	9	9
4287	6	6	6	6	6	6
4288	2	2	2	2	2	2
4289	5	5	5	5	5	5
4290	0	0	0	0	0	0
4291	6	6	6	2	6	6
4292	7	7	7	7	7	7
4293	6	4	6	6	6	6
4294	0	0	0	0	0	0
4295	8	8	8	8	8	8
4296	0	0	0	0	0	0
4297	4	4	4	4	4	4
4298	9	9	9	9	9	9
4299	2	2	2	2	2	2
4300	0	0	0	0	0	0
4301	8	8	8	8	8	8
4302	7	7	7	7	7	7
4303	2	2	2	5	2	2
4304	9	9	9	9	9	9
4305	3	3	3	3	3	3
4306	9	9	9	9	9	9
4307	9	9	4	4	9	9
4308	7	7	7	7	7	7
4309	8	1	8	8	8	1
4310	6	6	6	6	6	6
4311	9	9	9	9	9	9
4312	0	0	0	0	0	0
4313	8	8	8	8	8	8
4314	2	8	2	2	2	2
4315	1	1	1	1	1	1
4316	7	7	7	7	7	7
4317	8	8	8	8	8	8
4318	8	8	8	8	8	8
4319	7	7	7	7	7	7
4320	1	1	1	1	1	1
4321	2	2	2	2	2	2
4322	3	5	5	5	5	5
4323	2	7	2	2	2	7
4324	5	5	5	5	5	8
4325	4	4	4	4	4	4
4326	0	8	8	8	8	8
4327	9	9	9	9	9	9
4328	5	5	5	5	5	5
4329	4	4	4	7	2	4
4330	0	0	0	0	0	0
4331	6	6	6	6	6	6
4332	9	9	9	9	9	9
4333	8	8	8	8	8	8
4334	4	4	4	4	4	4
4335	7	7	7	7	7	7
4336	0	0	0	0	0	0
4337	0	0	0	0	0	0
4338	1	1	1	1	1	1
4339	2	2	2	2	2	2
4340	2	2	2	2	0	0
4341	3	3	3	3	3	3
4342	8	4	8	5	4	4
4343	0	0	0	0	0	0
4344	9	9	9	9	9	9
4345	5	9	9	5	5	5
4346	5	5	5	5	5	5
4347	1	1	1	1	1	1
4348	9	9	9	9	9	9
4349	2	2	2	2	2	2
4350	0	0	0	0	0	0
4351	8	8	8	8	8	8
4352	8	8	8	8	8	8
4353	6	6	6	6	6	6
4354	2	2	2	2	2	2
4355	4	9	4	4	4	9
4356	3	7	7	3	7	7
4357	2	7	2	2	2	7
4358	1	1	1	1	1	1
4359	8	8	8	8	8	8
4360	4	4	4	4	4	4
4361	4	4	4	9	9	4
4362	5	5	5	5	8	5
4363	7	7	7	7	7	7
4364	1	1	1	1	1	1
4365	4	4	4	4	4	4
4366	1	1	1	1	1	1
4367	1	1	1	1	1	1
4368	5	5	5	5	5	5
4369	2	2	2	2	2	2
4370	3	3	3	3	3	3
4371	1	1	1	1	1	1
4372	3	3	3	3	3	3
4373	5	5	5	5	5	5
4374	9	9	9	9	9	9
4375	2	2	2	2	2	2
4376	5	5	5	5	5	5
4377	5	5	5	5	5	5
4378	9	9	9	9	9	9
4379	6	6	6	6	6	6
4380	9	9	9	9	9	9
4381	1	1	1	1	1	1
4382	4	4	4	8	4	4
4383	2	2	2	2	2	2
4384	3	3	3	3	3	3
4385	1	1	1	1	1	1
4386	8	8	8	8	8	8
4387	0	0	0	0	0	0
4388	3	3	8	3	5	8
4389	9	9	9	4	9	9
4390	8	1	8	8	8	8
4391	2	2	2	2	2	2
4392	1	1	1	1	1	1
4393	4	4	4	4	4	4
4394	0	0	0	0	0	0
4395	1	1	1	1	1	1
4396	5	9	5	5	5	5
4397	7	7	7	7	7	7
4398	3	3	3	3	3	3
4399	8	8	8	8	8	8
4400	9	9	9	9	9	9
4401	1	1	1	1	1	1
4402	1	1	1	1	1	1
4403	1	1	1	1	1	1
4404	3	3	3	3	3	3
4405	2	2	2	2	2	2
4406	3	3	3	3	3	3
4407	7	7	7	7	7	7
4408	1	1	1	1	1	1
4409	1	1	1	1	1	1
4410	3	4	4	4	4	8
4411	3	3	3	3	3	3
4412	4	4	4	4	4	4
4413	1	1	1	1	1	1
4414	6	6	6	6	6	6
4415	4	4	4	4	4	4
4416	4	4	4	4	4	4
4417	4	4	4	4	4	4
4418	0	0	0	0	0	0
4419	3	3	3	3	3	3
4420	1	1	1	1	1	5
4421	4	4	4	4	4	4
4422	4	4	4	4	4	4
4423	0	0	0	0	0	0
4424	2	3	2	2	2	2
4425	8	1	8	8	8	8
4426	1	1	1	1	1	1
4427	5	5	5	5	5	5
4428	9	9	9	9	9	7
4429	9	4	9	4	9	4
4430	0	0	0	0	0	0
4431	2	2	2	2	2	2
4432	2	2	2	2	2	2
4433	7	7	7	7	7	7
4434	6	6	6	6	6	6
4435	3	1	7	7	7	7
4436	9	9	9	9	9	9
4437	6	6	6	6	6	6
4438	1	1	1	1	1	1
4439	6	2	6	6	6	2
4440	4	4	4	4	4	4
4441	9	9	4	4	4	4
4442	9	9	9	9	9	9
4443	2	2	2	2	2	2
4444	0	0	0	0	0	0
4445	1	1	1	1	1	1
4446	2	2	2	2	2	2
4447	3	3	3	3	3	3
4448	3	3	3	3	3	3
4449	9	9	9	9	9	9
4450	2	2	2	2	2	2
4451	0	0	0	0	0	0
4452	2	2	2	2	2	2
4453	1	1	1	1	1	1
4454	1	1	1	1	1	1
4455	2	2	2	2	2	2
4456	8	8	8	8	8	8
4457	3	1	3	3	3	3
4458	9	9	4	4	4	9
4459	5	5	5	5	5	5
4460	2	2	2	2	2	2
4461	3	3	3	3	3	3
4462	1	1	1	1	1	1
4463	2	2	2	2	2	2
4464	9	9	9	7	9	9
4465	3	7	8	3	7	7
4466	1	1	1	1	1	1
4467	8	8	8	8	8	8
4468	8	8	8	8	8	8
4469	4	4	4	4	4	4
4470	6	6	6	6	6	6
4471	0	0	0	0	0	0
4472	0	0	0	0	0	0
4473	5	8	8	5	8	8
4474	3	3	3	3	3	3
4475	2	6	2	2	2	2
4476	8	9	9	8	9	8
4477	6	6	5	0	6	6
4478	1	1	1	1	1	1
4479	0	0	0	0	0	0
4480	8	8	8	8	8	8
4481	7	7	7	7	7	7
4482	1	1	1	1	1	1
4483	3	3	3	3	3	3
4484	7	9	7	7	7	7
4485	1	1	1	1	1	1
4486	0	0	5	0	0	0
4487	9	9	9	9	9	9
4488	8	8	8	8	8	8
4489	3	3	3	3	3	3
4490	5	9	8	4	4	9
4491	0	0	0	0	0	0
4492	1	1	1	1	1	1
4493	2	2	2	2	2	2
4494	1	1	1	1	1	1
4495	4	4	4	4	4	4
4496	9	9	9	7	9	9
4497	7	7	7	7	7	7
4498	9	9	9	9	8	9
4499	5	5	5	5	5	5
4500	4	4	4	4	4	4
4501	4	4	4	4	4	4
4502	7	7	7	7	7	7
4503	9	9	9	9	9	9
4504	4	4	4	4	4	4
4505	8	5	5	5	5	5
4506	9	9	9	9	9	9
4507	3	3	3	3	5	3
4508	3	3	3	3	3	3
4509	5	4	5	5	5	8
4510	8	8	8	8	8	8
4511	4	4	4	4	4	4
4512	4	9	4	4	4	4
4513	2	1	2	2	2	2
4514	3	3	3	3	3	8
4515	6	6	6	6	6	6
4516	0	0	0	0	0	0
4517	3	3	3	3	3	3
4518	3	3	3	3	3	3
4519	0	0	0	0	0	0
4520	9	9	9	9	9	9
4521	2	2	2	2	2	2
4522	0	0	0	0	0	0
4523	7	7	7	7	7	7
4524	0	0	0	0	0	0
4525	9	9	9	9	9	9
4526	9	9	9	9	9	9
4527	0	0	0	0	0	0
4528	8	8	8	8	8	8
4529	8	8	8	8	8	8
4530	0	0	0	0	0	0
4531	8	8	5	5	5	8
4532	1	1	1	1	1	1
4533	5	5	5	5	5	5
4534	5	5	5	5	5	5
4535	5	5	5	5	5	5
4536	7	7	7	7	7	7
4537	8	8	8	8	8	5
4538	8	1	8	8	8	8
4539	4	4	4	4	4	4
4540	0	0	0	0	0	0
4541	8	1	8	1	1	1
4542	3	3	3	3	3	5
4543	8	9	8	8	8	8
4544	3	3	3	3	3	3
4545	3	3	3	3	3	3
4546	2	2	2	2	2	2
4547	3	6	2	5	2	2
4548	6	6	6	6	6	6
4549	6	6	6	6	6	6
4550	3	3	3	3	3	3
4551	7	7	7	7	7	7
4552	8	8	8	8	8	8
4553	0	0	0	0	0	0
4554	1	1	1	1	1	1
4555	3	6	5	5	5	6
4556	0	0	0	0	0	0
4557	9	9	4	4	4	4
4558	0	0	0	0	0	0
4559	3	3	3	3	3	3
4560	2	2	2	2	2	2
4561	5	5	5	5	5	5
4562	2	2	2	2	2	2
4563	5	0	5	5	5	3
4564	0	0	0	0	0	0
4565	1	1	1	1	1	1
4566	1	1	1	1	1	1
4567	8	8	8	8	8	8
4568	1	1	1	1	1	1
4569	1	1	1	1	1	1
4570	1	1	1	1	1	1
4571	5	5	5	5	5	5
4572	6	6	6	6	6	6
4573	6	6	6	6	6	6
4574	1	1	1	1	1	1
4575	1	1	1	1	1	1
4576	9	9	9	9	9	9
4577	0	0	0	0	0	0
4578	3	3	3	3	3	3
4579	0	0	0	0	0	0
4580	1	1	1	1	1	1
4581	0	0	0	0	0	0
4582	8	8	8	6	8	8
4583	2	2	2	2	2	2
4584	6	6	6	6	6	6
4585	6	6	6	6	6	6
4586	7	7	7	7	7	7
4587	1	1	1	1	1	1
4588	1	1	1	1	1	1
4589	5	5	5	5	5	5
4590	1	1	1	1	1	1
4591	1	1	1	1	1	1
4592	0	0	0	0	0	0
4593	2	2	2	2	2	2
4594	6	6	6	6	6	6
4595	4	5	4	4	4	4
4596	8	8	8	8	8	8
4597	6	6	6	6	6	6
4598	1	1	1	1	1	1
4599	7	1	7	2	7	1
4600	7	7	7	7	7	7
4601	5	8	5	5	5	8
4602	1	1	1	1	1	1
4603	7	7	7	7	7	7
4604	1	1	1	1	1	1
4605	6	6	6	6	6	6
4606	4	4	4	4	4	4
4607	1	1	1	1	1	1
4608	3	3	3	3	3	3
4609	1	1	1	1	1	1
4610	1	1	1	1	1	1
4611	5	5	5	5	5	5
4612	4	4	4	4	4	4
4613	3	3	3	3	3	5
4614	1	1	1	1	1	1
4615	8	8	8	8	8	8
4616	7	7	7	7	7	7
4617	8	8	8	8	8	8
4618	1	1	1	1	1	1
4619	3	3	3	3	3	3
4620	4	4	4	4	4	4
4621	2	2	2	2	2	2
4622	9	9	9	9	9	9
4623	3	3	3	3	3	3
4624	3	3	3	3	3	3
4625	9	9	9	9	9	9
4626	1	1	1	1	1	1
4627	4	4	4	4	4	4
4628	3	3	3	3	3	3
4629	0	0	0	0	0	0
4630	4	4	4	4	4	4
4631	4	4	4	4	4	4
4632	9	9	9	4	9	9
4633	9	9	9	9	9	9
4634	9	9	9	9	8	9
4635	2	2	2	2	2	2
4636	0	0	0	0	0	0
4637	1	1	1	1	1	1
4638	3	3	3	3	3	3
4639	9	9	9	9	9	9
4640	8	8	8	8	8	8
4641	5	5	5	5	5	5
4642	3	7	5	3	3	5
4643	4	9	9	9	4	9
4644	3	3	3	3	3	3
4645	0	0	0	0	0	0
4646	8	8	6	8	8	8
4647	4	4	4	4	4	2
4648	2	1	4	4	4	5
4649	0	0	0	0	0	0
4650	5	3	5	5	5	3
4651	0	0	0	0	0	0
4652	4	4	4	4	4	4
4653	0	0	0	0	0	0
4654	3	3	3	3	3	3
4655	8	1	8	8	8	8
4656	2	8	2	2	2	2
4657	7	7	7	7	7	7
4658	6	6	6	6	6	6
4659	3	7	3	7	7	7
4660	0	0	6	0	0	0
4661	8	8	8	8	8	8
4662	4	9	4	4	4	4
4663	6	6	6	6	6	6
4664	8	8	8	8	8	8
4665	9	9	9	9	9	9
4666	6	6	6	6	6	6
4667	4	4	4	4	4	4
4668	4	4	4	4	4	4
4669	6	6	6	6	6	6
4670	3	3	3	2	3	3
4671	6	6	6	6	6	6
4672	6	6	6	6	6	6
4673	3	3	3	3	3	3
4674	2	2	2	2	2	2
4675	4	4	4	4	4	4
4676	1	1	1	1	1	1
4677	1	1	1	1	1	1
4678	4	4	4	4	4	4
4679	3	3	3	3	3	3
4680	0	0	0	0	0	0
4681	1	1	1	1	1	1
4682	9	9	9	9	8	9
4683	1	1	1	1	1	1
4684	1	1	1	1	1	1
4685	7	7	7	7	7	7
4686	4	4	4	4	4	4
4687	4	4	4	4	4	4
4688	6	6	6	6	6	6
4689	4	4	4	4	4	4
4690	0	0	0	0	0	0
4691	6	6	6	6	6	6
4692	9	4	9	9	9	9
4693	6	6	6	6	6	6
4694	2	2	2	2	2	2
4695	3	3	3	3	3	3
4696	7	7	7	7	7	7
4697	4	4	4	4	4	4
4698	8	1	8	8	8	8
4699	7	1	7	7	7	3
4700	1	1	1	1	1	1
4701	8	8	8	8	8	8
4702	4	4	4	4	4	4
4703	9	9	9	9	9	9
4704	5	5	5	5	5	5
4705	0	0	0	0	0	0
4706	8	8	8	8	8	8
4707	9	9	9	9	9	9
4708	6	6	6	6	6	6
4709	0	0	0	0	0	0
4710	8	8	8	8	8	8
4711	1	1	1	1	1	1
4712	0	0	0	0	0	0
4713	0	0	0	0	0	0
4714	9	9	4	4	4	4
4715	2	2	0	2	2	2
4716	3	3	3	3	3	3
4717	4	4	4	4	4	4
4718	8	4	8	8	8	4
4719	3	3	3	3	3	3
4720	3	5	3	3	3	3
4721	2	1	5	1	5	4
4722	8	8	8	8	8	8
4723	0	0	0	0	0	0
4724	1	1	1	1	1	1
4725	9	4	9	9	9	4
4726	0	0	0	0	0	0
4727	6	6	6	6	6	6
4728	0	0	0	0	0	0
4729	7	7	7	7	7	7
4730	0	0	0	0	0	0
4731	8	8	8	8	8	8
4732	0	0	0	6	0	0
4733	0	2	0	0	0	2
4734	7	7	7	7	7	7
4735	8	8	8	8	8	8
4736	0	0	0	0	0	0
4737	4	4	4	4	4	4
4738	7	7	7	7	7	7
4739	2	2	2	2	2	2
4740	6	6	6	6	6	6
4741	5	5	5	5	5	5
4742	9	9	9	9	9	9
4743	7	7	7	9	7	7
4744	7	7	7	7	7	7
4745	3	3	5	5	3	5
4746	0	0	0	0	0	0
4747	2	2	2	2	2	2
4748	3	3	3	9	3	3
4749	5	9	5	5	5	9
4750	5	8	3	5	5	8
4751	9	4	9	9	9	4
4752	3	3	3	3	3	3
4753	7	7	7	7	7	7
4754	0	0	0	0	0	0
4755	8	8	8	8	8	8
4756	1	1	1	1	1	1
4757	3	2	3	3	3	3
4758	7	7	7	7	7	7
4759	6	6	6	6	6	6
4760	7	7	7	7	7	7
4761	3	3	3	3	3	3
4762	3	3	3	3	3	3
4763	2	8	2	3	2	8
4764	6	6	6	6	6	6
4765	0	0	0	0	0	0
4766	6	4	6	6	4	6
4767	6	6	6	6	6	6
4768	5	5	5	5	5	5
4769	1	1	1	1	1	1
4770	5	5	5	5	5	5
4771	7	7	7	7	7	7
4772	2	8	2	2	2	2
4773	6	6	6	6	6	6
4774	5	5	5	5	5	5
4775	6	6	6	6	6	6
4776	0	0	0	0	0	0
4777	1	1	1	1	1	1
4778	8	8	8	8	8	8
4779	2	8	2	3	2	8
4780	5	5	5	5	5	8
4781	4	4	4	4	4	4
4782	9	9	9	8	9	9
4783	8	8	8	8	8	8
4784	4	4	4	4	4	4
4785	8	8	8	8	8	8
4786	0	0	0	0	0	0
4787	5	5	5	5	5	5
4788	8	8	8	8	8	8
4789	9	9	9	9	9	9
4790	6	6	6	6	6	6
4791	9	9	9	9	9	9
4792	3	8	8	8	8	8
4793	1	1	1	1	1	1
4794	5	5	5	5	5	5
4795	3	3	3	3	8	5
4796	8	8	8	8	8	8
4797	3	3	3	3	3	3
4798	1	1	1	1	1	1
4799	5	5	5	5	5	5
4800	2	2	2	2	2	2
4801	7	9	9	7	9	9
4802	7	7	7	7	7	7
4803	9	9	9	9	9	9
4804	1	1	1	1	1	1
4805	9	9	9	9	9	9
4806	3	8	8	8	8	8
4807	7	7	7	7	7	7
4808	3	3	3	3	3	3
4809	2	2	2	2	2	2
4810	6	6	6	6	6	6
4811	2	1	2	2	2	2
4812	3	3	3	3	3	3
4813	9	9	9	9	9	9
4814	0	0	0	0	0	0
4815	3	3	3	3	3	3
4816	1	1	1	1	1	1
4817	0	0	0	0	0	0
4818	8	8	8	8	8	8
4819	8	1	8	8	8	8
4820	2	8	8	2	2	8
4821	1	1	1	1	1	1
4822	8	8	8	8	8	8
4823	7	7	7	7	7	7
4824	8	5	8	8	8	8
4825	1	1	1	1	1	1
4826	4	4	4	4	4	4
4827	3	3	3	3	3	3
4828	4	4	4	4	4	4
4829	7	7	7	7	7	7
4830	8	8	8	8	8	8
4831	3	3	3	8	3	3
4832	2	2	2	2	2	2
4833	9	9	9	9	9	9
4834	2	2	2	2	2	2
4835	2	2	2	2	2	2
4836	0	0	0	0	0	0
4837	9	9	9	8	9	9
4838	4	4	4	4	4	4
4839	0	0	0	0	0	0
4840	2	2	2	2	2	2
4841	4	4	4	4	4	4
4842	8	8	8	8	8	8
4843	3	3	3	3	3	3
4844	0	0	0	0	0	0
4845	7	7	7	7	7	7
4846	9	9	9	9	9	9
4847	1	1	1	1	1	1
4848	2	2	2	2	2	2
4849	0	0	0	0	0	0
4850	1	1	1	1	1	1
4851	0	0	0	0	0	0
4852	1	1	1	1	1	1
4853	1	1	1	1	1	1
4854	7	7	7	7	7	7
4855	1	1	1	1	1	1
4856	3	3	3	3	3	3
4857	2	2	2	2	2	2
4858	1	1	1	1	1	1
4859	7	7	7	7	7	7
4860	9	9	9	9	9	9
4861	9	9	9	7	9	9
4862	8	8	8	8	8	8
4863	4	4	4	4	4	4
4864	8	1	5	6	5	6
4865	9	9	9	9	9	7
4866	9	9	9	9	9	9
4867	3	3	3	3	3	3
4868	9	9	9	9	9	9
4869	0	0	0	0	0	0
4870	3	3	3	3	3	3
4871	4	4	4	4	4	4
4872	9	9	9	9	9	9
4873	9	9	9	9	9	9
4874	0	0	0	0	0	0
4875	1	1	1	1	1	1
4876	8	8	8	8	8	8
4877	8	4	4	4	4	4
4878	5	5	5	5	5	5
4879	2	2	2	2	2	2
4880	7	7	7	7	7	7
4881	3	3	3	3	3	5
4882	1	1	1	1	1	1
4883	2	2	2	2	2	2
4884	1	1	1	1	1	1
4885	6	6	6	6	6	6
4886	7	7	7	7	7	7
4887	5	5	5	5	5	5
4888	1	1	1	1	1	1
4889	7	7	7	7	7	7
4890	4	4	4	4	4	4
4891	9	4	4	4	4	4
4892	1	1	1	1	1	1
4893	7	7	7	7	7	7
4894	3	3	3	3	3	3
4895	1	1	1	1	1	1
4896	1	1	1	1	1	1
4897	3	8	8	8	8	8
4898	8	8	8	8	8	8
4899	9	1	9	9	9	9
4900	7	7	7	7	7	7
4901	0	0	0	0	0	0
4902	7	9	9	7	7	7
4903	7	7	7	7	7	7
4904	3	3	5	3	3	5
4905	0	0	0	0	0	0
4906	5	5	5	5	5	5
4907	7	7	7	7	7	7
4908	2	2	5	5	5	2
4909	5	5	5	5	5	5
4910	4	4	4	4	4	4
4911	7	7	7	7	7	7
4912	8	8	8	8	8	8
4913	6	6	6	6	6	6
4914	4	6	4	4	4	6
4915	5	5	8	8	8	8
4916	0	0	0	0	0	0
4917	4	4	4	4	4	4
4918	1	1	1	1	1	1
4919	5	0	5	5	5	0
4920	6	6	6	6	6	6
4921	3	3	3	3	3	3
4922	4	4	4	4	4	4
4923	1	1	1	1	1	1
4924	2	2	2	2	2	2
4925	9	9	9	9	9	9
4926	2	2	2	2	2	2
4927	7	7	7	7	7	7
4928	3	3	3	3	3	3
4929	3	3	3	3	3	3
4930	2	2	2	2	2	2
4931	2	2	2	2	2	2
4932	2	2	2	2	2	2
4933	3	3	3	3	2	3
4934	3	3	3	3	3	3
4935	4	4	4	4	4	4
4936	2	8	8	7	8	8
4937	8	2	8	8	8	2
4938	0	0	0	0	0	0
4939	4	4	4	4	4	4
4940	6	6	6	4	6	6
4941	2	7	7	2	2	7
4942	7	9	7	7	7	7
4943	1	1	1	1	1	1
4944	5	5	5	5	5	5
4945	8	8	8	8	8	3
4946	9	9	9	9	9	9
4947	2	2	2	2	2	2
4948	6	6	6	6	6	6
4949	0	0	0	0	0	0
4950	2	2	2	2	2	2
4951	6	6	6	6	6	6
4952	4	4	4	4	4	4
4953	4	4	4	4	4	4
4954	0	0	0	0	0	0
4955	8	8	8	8	8	8
4956	3	8	3	3	3	8
4957	4	4	4	4	4	4
4958	2	2	2	2	2	2
4959	6	6	6	6	6	6
4960	6	6	6	6	6	6
4961	3	3	3	9	3	3
4962	9	9	9	9	9	9
4963	3	8	3	8	8	8
4964	0	0	0	0	0	0
4965	9	3	8	3	3	3
4966	5	5	5	5	5	5
4967	1	1	1	1	1	1
4968	4	4	4	4	4	4
4969	6	6	6	6	6	6
4970	4	4	4	4	4	4
4971	1	1	1	1	1	1
4972	0	0	0	0	0	0
4973	0	0	0	0	0	0
4974	9	9	9	4	9	9
4975	7	9	7	4	7	7
4976	2	2	2	2	2	2
4977	4	4	4	4	4	4
4978	6	6	6	6	6	6
4979	8	8	8	8	8	8
4980	8	8	8	8	8	8
4981	9	8	8	0	0	0
4982	5	5	5	5	5	5
4983	3	3	3	3	3	3
4984	1	1	1	1	1	1
4985	3	3	3	3	3	5
4986	0	0	0	0	0	0
4987	0	0	0	0	0	0
4988	6	6	6	6	6	6
4989	7	8	7	7	7	9
4990	6	6	6	6	6	6
4991	9	9	9	9	9	9
4992	5	5	5	5	5	5
4993	0	0	0	0	0	0
4994	8	8	8	8	8	8
4995	4	9	4	9	4	4
4996	9	9	9	9	9	9
4997	9	8	8	8	8	8
4998	7	7	7	7	7	7
