	CNN	LDA	GB	SVM	RF	Logistic
0	1	1	1	1	1	1
1	1	1	1	1	1	1
2	9	9	9	9	9	9
3	5	5	6	6	5	6
4	9	9	9	9	9	9
5	0	0	0	0	0	0
6	0	0	0	0	0	0
7	5	5	5	5	5	5
8	8	3	3	3	3	3
9	6	6	6	6	6	6
10	6	6	6	6	6	6
11	5	5	5	5	5	5
12	9	4	4	4	4	4
13	3	3	3	3	3	3
14	1	1	1	1	1	1
15	2	5	2	2	2	2
16	1	1	1	1	1	1
17	4	4	4	4	4	4
18	2	2	2	2	2	2
19	3	3	3	3	3	3
20	3	1	1	1	1	1
21	2	6	2	2	2	2
22	4	9	4	4	4	9
23	4	4	4	4	4	4
24	6	6	6	6	6	6
25	3	3	3	3	3	3
26	6	2	6	6	6	2
27	0	0	0	0	0	0
28	9	9	9	9	9	9
29	9	4	9	9	9	4
30	3	2	3	3	3	3
31	7	7	7	7	7	7
32	9	4	4	4	4	4
33	6	6	6	6	6	2
34	4	4	4	4	4	4
35	3	3	3	3	3	3
36	1	1	1	1	1	1
37	2	2	2	2	2	2
38	7	7	7	7	7	7
39	8	8	8	8	8	8
40	7	7	7	7	7	7
41	1	1	1	1	1	1
42	3	3	3	3	3	3
43	9	9	9	9	9	9
44	5	5	5	5	5	5
45	9	9	9	9	9	9
46	2	2	2	2	2	2
47	9	9	9	9	9	9
48	8	8	8	8	8	8
49	7	9	7	7	7	7
50	4	4	4	4	4	4
51	4	4	4	4	4	4
52	2	8	2	2	2	8
53	9	7	7	9	7	7
54	0	0	0	0	0	0
55	5	5	5	5	5	5
56	8	8	8	8	8	8
57	5	5	5	5	5	5
58	6	6	6	6	6	6
59	5	5	5	5	5	5
60	1	1	1	1	1	1
61	4	4	4	4	4	4
62	6	6	6	6	6	6
63	3	3	2	3	2	3
64	1	1	1	1	1	1
65	8	8	8	8	8	8
66	0	0	0	0	0	0
67	9	9	9	9	9	9
68	2	9	9	2	9	8
69	5	5	5	5	5	5
70	5	5	5	5	5	5
71	6	6	6	6	6	6
72	4	4	4	4	4	4
73	6	6	6	6	6	6
74	5	5	5	5	5	5
75	4	4	4	4	4	4
76	5	4	5	5	5	5
77	3	7	7	7	7	7
78	3	1	7	7	7	7
79	1	1	1	1	1	1
80	1	1	1	1	1	1
81	8	8	8	8	8	8
82	1	1	1	1	1	1
83	5	1	5	5	5	5
84	0	0	0	0	0	0
85	5	5	5	5	5	5
86	1	1	1	1	1	1
87	9	4	9	9	9	3
88	3	1	3	3	3	5
89	1	1	1	1	1	1
90	9	4	4	4	4	4
91	6	6	6	6	6	6
92	1	1	1	1	1	1
93	3	3	3	3	3	3
94	4	4	4	4	4	4
95	9	9	9	9	9	9
96	0	0	0	0	0	0
97	3	3	3	3	3	3
98	5	5	5	5	5	5
99	2	2	2	2	2	2
100	1	1	1	1	1	1
101	2	2	2	2	2	2
102	8	8	8	8	8	8
103	5	8	8	5	8	8
104	3	9	9	8	8	7
105	2	2	2	2	2	2
106	2	2	2	2	2	2
107	1	1	1	1	1	1
108	5	5	5	5	5	5
109	3	5	3	3	3	5
110	6	6	2	6	2	2
111	2	1	2	2	2	2
112	7	7	7	7	7	7
113	3	8	8	8	8	8
114	2	2	2	2	2	2
115	8	8	8	8	8	8
116	5	1	5	5	5	5
117	1	1	1	1	1	1
118	0	8	8	8	8	8
119	1	1	1	1	1	1
120	3	3	3	3	3	3
121	0	0	0	0	0	0
122	9	9	9	9	9	9
123	9	9	9	9	9	9
124	8	8	8	8	8	8
125	2	2	2	2	2	2
126	2	2	2	2	2	2
127	9	9	9	9	9	9
128	5	7	5	5	5	7
129	1	1	1	1	1	1
130	2	2	2	2	2	2
131	0	0	0	0	0	0
132	6	1	6	6	4	6
133	7	8	7	7	7	7
134	1	1	1	1	1	1
135	9	9	7	7	7	9
136	3	3	3	3	3	3
137	3	3	3	3	3	3
138	0	0	0	0	0	0
139	3	3	3	3	3	3
140	9	9	9	9	9	9
141	3	3	3	3	3	3
142	0	0	0	0	0	0
143	1	1	1	1	1	1
144	1	1	1	1	1	1
145	5	5	5	5	5	5
146	3	3	3	3	3	3
147	7	7	7	7	7	7
148	6	6	6	6	6	6
149	3	3	3	5	3	3
150	3	3	3	3	3	3
151	1	1	1	1	1	1
152	0	0	0	0	0	0
153	3	7	3	3	3	7
154	5	5	5	5	5	5
155	7	7	7	7	7	9
156	9	9	8	9	8	9
157	5	5	5	5	5	5
158	0	0	0	0	0	0
159	8	8	8	8	8	8
160	5	5	5	5	5	5
161	9	9	4	4	4	9
162	1	1	1	1	1	1
163	0	5	0	0	0	5
164	7	7	7	7	7	7
165	3	3	3	3	3	5
166	7	7	7	7	7	7
167	1	1	1	1	1	1
168	2	2	2	2	2	2
169	8	8	8	8	8	8
170	6	6	6	6	6	6
171	1	1	1	1	1	1
172	9	9	9	7	9	9
173	5	5	5	5	5	5
174	2	2	2	2	2	2
175	4	4	4	4	4	4
176	2	2	2	2	2	2
177	4	4	4	4	4	4
178	5	0	5	0	0	8
179	7	7	7	7	7	7
180	7	7	7	7	7	7
181	9	9	9	9	9	9
182	1	1	1	1	1	1
183	9	9	9	7	9	9
184	2	2	2	2	2	2
185	2	2	2	2	2	2
186	2	2	2	2	2	2
187	1	1	1	1	1	1
188	4	4	4	4	4	4
189	8	4	8	8	8	8
190	1	1	1	1	1	1
191	8	8	8	8	8	8
192	9	9	9	9	9	9
193	3	7	8	8	8	9
194	3	3	3	3	3	3
195	7	7	7	7	7	7
196	6	6	6	6	6	6
197	0	0	0	0	0	0
198	0	0	0	0	0	0
199	3	3	3	3	3	3
200	0	3	0	0	0	0
201	2	8	8	3	2	8
202	0	0	0	0	0	0
203	9	4	9	4	9	4
204	8	8	8	8	8	8
205	3	3	3	3	3	5
206	3	3	3	3	3	3
207	3	3	3	3	3	3
208	2	2	2	2	2	2
209	2	1	2	2	2	2
210	0	0	0	0	0	0
211	6	6	6	6	6	6
212	8	8	8	8	8	8
213	2	2	2	2	2	2
214	5	5	5	5	5	5
215	9	9	9	9	9	9
216	8	8	8	8	8	8
217	1	1	1	1	1	1
218	2	2	2	2	2	2
219	9	9	9	9	9	9
220	5	5	5	5	5	5
221	4	4	4	4	4	4
222	0	0	0	0	0	0
223	8	8	8	8	8	8
224	1	1	1	1	1	1
225	5	5	5	5	5	5
226	8	8	8	8	0	3
227	3	3	3	3	3	3
228	9	9	9	9	9	9
229	3	2	5	5	2	2
230	2	2	2	2	2	2
231	1	1	1	1	1	1
232	3	3	3	3	3	3
233	3	5	5	3	5	5
234	6	5	6	6	6	6
235	5	5	5	5	5	5
236	7	7	7	7	7	7
237	2	2	2	2	2	2
238	6	4	6	6	6	6
239	7	7	7	7	7	7
240	3	3	3	3	3	3
241	3	3	3	3	3	3
242	1	1	1	1	1	1
243	9	9	9	9	9	9
244	3	6	3	3	3	3
245	9	9	4	9	4	9
246	1	1	1	1	1	1
247	5	5	5	5	5	5
248	4	4	4	4	4	4
249	8	1	5	5	5	8
250	0	0	0	0	0	0
251	2	8	8	2	2	8
252	3	3	3	3	3	3
253	2	2	2	2	2	2
254	7	9	7	4	7	7
255	1	1	8	7	1	8
256	0	8	0	0	0	8
257	4	4	4	4	4	4
258	4	4	4	4	4	4
259	9	9	9	9	9	9
260	0	0	0	0	0	0
261	9	9	9	9	9	9
262	0	0	0	0	0	0
263	6	1	6	6	6	2
264	0	0	0	0	0	0
265	3	3	3	3	3	3
266	5	5	5	5	5	5
267	9	9	4	4	4	4
268	8	8	8	8	8	8
269	3	3	3	3	3	3
270	3	3	3	3	3	3
271	2	8	8	3	7	8
272	7	7	7	7	7	7
273	2	1	2	2	2	2
274	2	8	2	2	2	2
275	1	1	1	1	1	1
276	7	7	7	7	7	7
277	0	0	0	0	0	0
278	3	3	3	3	3	3
279	9	9	9	9	9	7
280	9	9	9	9	9	9
281	9	9	9	9	9	9
282	6	6	6	6	6	6
283	6	6	6	6	6	6
284	5	5	5	5	5	5
285	9	9	9	7	9	9
286	6	6	6	6	6	6
287	0	0	0	0	0	0
288	1	1	1	1	1	1
289	9	9	9	9	9	9
290	5	5	5	5	5	5
291	1	8	1	1	1	5
292	8	8	8	8	8	8
293	6	6	6	6	6	6
294	7	7	7	7	7	7
295	9	9	9	9	9	9
296	2	6	2	2	2	6
297	9	9	9	9	9	9
298	8	8	8	8	8	8
299	2	2	2	2	2	2
300	2	2	2	2	2	2
301	3	3	3	3	3	3
302	9	9	9	9	9	9
303	0	0	0	0	0	0
304	0	0	0	0	0	0
305	2	2	2	2	2	2
306	1	1	1	1	1	1
307	3	3	3	3	3	3
308	1	1	1	1	1	1
309	8	8	8	8	8	8
310	3	3	3	3	3	3
311	7	9	7	7	7	7
312	9	9	9	9	9	9
313	6	6	6	6	6	6
314	7	7	7	7	7	7
315	3	3	3	3	3	3
316	4	4	4	4	4	4
317	9	9	9	9	9	9
318	1	1	1	1	1	1
319	9	9	9	9	9	9
320	3	3	3	3	3	3
321	1	1	1	1	1	1
322	7	7	7	7	7	7
323	9	9	9	9	9	9
324	7	7	7	7	7	7
325	9	9	9	9	9	9
326	3	3	3	3	3	3
327	3	3	3	3	3	3
328	6	6	6	6	6	6
329	9	9	9	7	9	9
330	2	2	2	2	2	2
331	5	7	5	5	5	7
332	9	4	4	4	4	9
333	1	1	1	1	1	1
334	7	7	7	7	7	7
335	9	9	9	9	9	9
336	9	9	4	4	4	4
337	8	8	8	8	8	8
338	5	5	5	5	5	5
339	0	0	0	0	0	0
340	2	2	2	2	2	2
341	1	1	1	1	1	1
342	8	8	8	8	8	8
343	0	0	0	0	0	0
344	6	6	6	6	6	6
345	1	1	1	1	1	1
346	7	7	7	7	7	7
347	2	2	2	2	2	2
348	1	1	1	1	1	1
349	4	4	4	4	4	4
350	6	6	6	6	6	6
351	2	2	2	2	2	2
352	5	5	5	5	5	5
353	9	9	9	9	9	9
354	2	2	2	2	2	2
355	9	9	4	4	4	9
356	0	0	0	0	0	0
357	1	1	1	1	1	1
358	9	4	4	4	4	4
359	9	9	9	9	9	9
360	9	9	9	9	9	9
361	8	8	8	8	8	8
362	4	4	4	4	4	4
363	0	0	0	0	0	0
364	2	2	2	2	2	2
365	1	1	1	1	1	1
366	1	1	1	1	1	1
367	9	9	9	9	9	9
368	1	1	1	1	1	1
369	3	3	3	3	3	3
370	8	5	5	3	3	8
371	1	1	1	1	1	1
372	5	5	5	5	5	5
373	8	8	8	8	8	8
374	3	3	3	3	3	3
375	8	8	8	8	8	8
376	3	3	3	1	3	3
377	1	1	1	1	1	1
378	8	8	8	8	8	8
379	4	4	4	4	4	4
380	4	4	4	4	4	4
381	3	3	3	3	3	3
382	1	1	1	1	1	1
383	9	9	7	9	9	9
384	2	2	2	2	2	2
385	6	6	6	6	6	6
386	6	6	6	6	6	6
387	0	0	0	0	0	0
388	2	8	2	2	2	2
389	1	1	1	1	1	1
390	1	1	1	1	1	1
391	4	9	4	4	4	4
392	2	2	2	2	2	2
393	8	4	4	8	8	8
394	2	2	2	2	2	3
395	9	9	9	9	9	9
396	1	1	1	1	1	1
397	2	2	2	2	2	2
398	1	1	1	1	1	1
399	7	7	7	7	7	7
400	7	7	7	7	7	7
401	5	5	5	5	5	5
402	5	5	5	5	5	5
403	2	2	2	2	2	2
404	7	7	7	7	7	7
405	6	6	6	6	6	6
406	9	9	9	9	9	9
407	3	3	5	3	3	3
408	5	8	5	5	5	8
409	2	2	2	2	2	2
410	5	5	5	5	5	5
411	0	0	0	0	0	0
412	8	8	8	8	8	8
413	2	2	2	2	2	2
414	9	9	9	9	9	9
415	2	2	2	2	2	2
416	3	8	8	8	8	8
417	8	8	8	8	8	5
418	7	7	7	7	7	7
419	9	9	4	4	9	4
420	3	3	3	3	3	3
421	6	6	6	6	6	6
422	3	3	3	3	3	3
423	1	1	1	1	1	1
424	3	3	3	3	3	5
425	9	9	9	9	9	7
426	3	3	3	3	3	3
427	0	0	0	0	0	0
428	5	5	5	5	5	5
429	7	8	8	8	8	8
430	4	9	4	4	4	7
431	6	6	6	6	6	6
432	0	0	0	0	0	0
433	2	2	2	2	2	2
434	9	9	9	9	9	9
435	4	4	4	4	4	4
436	8	8	8	8	8	8
437	3	8	8	8	8	8
438	4	4	4	4	4	4
439	1	1	1	1	1	1
440	2	2	2	2	2	2
441	1	1	1	1	1	1
442	2	2	2	2	2	2
443	2	7	7	2	7	7
444	3	3	3	3	3	3
445	1	1	1	1	1	1
446	7	1	7	7	7	9
447	4	4	4	4	4	4
448	3	3	3	3	3	3
449	5	5	5	5	5	5
450	6	6	6	6	6	6
451	3	3	5	3	3	5
452	7	7	7	7	7	7
453	6	6	6	6	6	6
454	6	6	6	6	6	6
455	3	1	3	3	3	8
456	7	7	7	7	7	7
457	1	1	1	1	1	1
458	1	1	1	1	1	1
459	4	4	4	4	4	4
460	9	9	9	9	9	9
461	3	6	2	2	2	6
462	1	1	1	1	1	1
463	1	1	1	1	1	1
464	9	4	4	4	4	4
465	4	4	4	4	4	4
466	4	4	4	4	4	4
467	6	6	6	6	6	6
468	3	3	3	2	2	3
469	1	1	1	1	1	1
470	5	5	5	5	5	5
471	2	2	2	2	2	2
472	3	8	8	3	8	8
473	1	1	1	1	1	1
474	7	7	7	7	7	7
475	1	1	1	1	1	1
476	3	3	3	3	3	3
477	0	0	0	0	0	0
478	3	1	1	1	1	1
479	2	2	2	2	2	2
480	2	2	2	2	2	2
481	8	8	8	8	8	8
482	9	4	9	4	9	9
483	9	7	9	9	9	3
484	0	0	0	0	0	0
485	1	1	1	1	1	1
486	9	9	9	9	9	9
487	7	7	7	7	7	7
488	1	1	1	1	1	1
489	1	1	1	1	1	1
490	9	9	9	9	9	9
491	0	5	5	5	5	5
492	2	2	2	2	2	2
493	3	3	3	3	3	3
494	7	7	7	7	7	7
495	4	4	4	4	4	4
496	1	1	1	1	1	1
497	2	2	2	2	2	2
498	8	8	5	5	8	8
499	2	2	2	2	2	2
500	3	3	3	3	3	3
501	5	5	5	5	5	5
502	0	0	0	0	0	0
503	9	9	9	9	9	9
504	2	6	2	2	2	6
505	4	4	4	4	4	4
506	8	9	8	8	9	9
507	1	1	1	1	1	1
508	0	0	0	0	0	0
509	9	9	9	9	9	9
510	2	2	2	2	2	2
511	2	2	2	2	2	2
512	3	3	3	3	3	3
513	1	1	1	1	1	1
514	2	2	2	2	2	2
515	4	4	4	4	4	4
516	6	6	6	0	6	6
517	9	9	9	9	9	9
518	5	5	5	5	5	5
519	5	5	5	5	5	5
520	9	9	9	9	9	9
521	0	5	0	5	0	5
522	9	9	9	9	9	9
523	7	2	7	7	7	2
524	0	0	0	0	0	0
525	7	0	7	7	7	9
526	1	1	1	1	1	1
527	6	6	6	6	6	6
528	5	5	5	5	5	5
529	6	6	6	6	6	6
530	6	6	6	6	6	6
531	7	7	7	7	7	7
532	4	4	4	4	4	4
533	4	6	6	6	4	6
534	5	5	5	5	5	5
535	7	7	7	7	7	7
536	8	8	8	8	8	8
537	8	8	8	8	8	8
538	0	0	0	0	0	0
539	7	7	7	7	7	7
540	6	6	6	6	6	6
541	8	8	8	8	8	9
542	7	7	7	7	7	7
543	3	9	3	3	3	3
544	7	7	7	7	3	7
545	1	1	1	1	1	1
546	9	9	9	9	9	9
547	5	5	5	5	5	5
548	2	2	2	2	2	2
549	7	7	7	7	7	7
550	3	3	3	3	3	3
551	1	1	1	1	1	1
552	1	1	1	1	1	1
553	4	4	4	4	4	4
554	7	7	7	7	7	7
555	7	7	7	7	7	7
556	8	8	8	8	8	8
557	6	5	6	6	6	6
558	0	0	0	0	0	0
559	2	2	2	2	2	2
560	8	9	7	8	8	8
561	9	9	4	4	4	4
562	4	4	4	4	4	4
563	9	4	4	4	4	4
564	6	6	6	6	6	6
565	7	9	7	7	7	7
566	9	9	9	9	9	9
567	7	7	7	7	7	7
568	3	3	3	3	3	3
569	7	7	7	7	7	7
570	0	3	0	0	0	0
571	1	1	1	1	1	1
572	9	9	9	9	9	9
573	2	2	2	2	2	2
574	8	4	8	8	8	4
575	7	7	7	7	7	7
576	0	0	0	0	0	0
577	5	5	5	5	5	5
578	0	0	0	0	0	0
579	9	9	9	9	9	9
580	1	1	1	1	1	1
581	8	4	8	8	8	4
582	6	6	6	6	6	6
583	3	0	5	3	8	5
584	0	0	0	0	0	0
585	3	8	7	2	7	8
586	3	3	3	3	3	3
587	2	2	2	2	2	2
588	1	1	1	1	1	1
589	1	1	1	1	1	1
590	1	1	1	1	1	1
591	0	0	0	0	0	0
592	3	8	8	8	8	8
593	0	0	0	0	0	0
594	2	2	2	2	2	2
595	3	9	8	9	3	9
596	3	8	8	8	8	8
597	0	0	0	0	0	0
598	4	9	8	4	4	8
599	5	6	5	5	5	6
600	2	2	2	2	2	2
601	1	1	1	1	1	1
602	3	1	1	1	1	1
603	5	5	5	5	5	6
604	7	7	7	7	7	7
605	2	2	2	2	2	2
606	0	0	0	0	0	0
607	0	0	0	5	5	0
608	2	5	6	3	3	5
609	8	8	8	8	8	8
610	6	1	6	6	6	6
611	1	1	1	1	1	1
612	9	9	9	9	9	9
613	2	7	2	2	2	8
614	5	5	5	5	5	5
615	8	9	8	8	8	8
616	0	0	0	0	0	0
617	2	2	2	2	2	2
618	3	3	3	3	3	3
619	8	8	8	8	8	8
620	9	9	9	4	9	4
621	5	4	4	5	4	4
622	4	4	4	4	4	4
623	7	7	7	7	7	7
624	3	3	3	3	3	3
625	5	5	5	5	5	5
626	2	2	2	2	2	2
627	8	8	8	8	8	8
628	8	8	8	8	8	8
629	0	8	0	0	0	0
630	9	9	9	4	9	9
631	3	3	3	3	3	3
632	4	4	4	4	4	4
633	9	4	4	4	4	4
634	9	9	9	9	9	9
635	6	6	6	6	6	6
636	9	9	9	9	9	9
637	3	7	3	3	7	3
638	9	9	4	4	4	9
639	8	8	8	8	8	8
640	4	4	4	4	4	4
641	1	1	1	1	1	1
642	1	1	1	1	1	1
643	3	3	3	8	8	3
644	9	9	9	9	9	9
645	7	1	1	7	7	2
646	4	9	4	4	4	9
647	3	5	5	5	3	5
648	6	6	6	6	6	6
649	5	5	5	5	5	5
650	2	2	2	2	2	2
651	2	2	2	2	2	2
652	1	1	1	1	1	1
653	5	5	5	5	5	5
654	2	2	2	2	2	2
655	4	4	4	4	4	4
656	6	6	6	6	6	6
657	2	2	2	2	2	2
658	7	7	7	7	7	7
659	7	9	7	7	7	7
660	1	1	1	1	1	1
661	8	8	8	8	8	8
662	2	2	2	2	2	2
663	4	4	4	4	4	4
664	7	7	7	7	7	7
665	6	6	6	6	6	6
666	7	7	7	7	7	7
667	2	2	2	2	2	2
668	3	3	3	3	3	3
669	5	5	5	5	5	5
670	6	6	6	6	6	6
671	5	5	5	8	8	5
672	6	2	6	6	6	6
673	0	0	0	0	0	0
674	2	2	2	2	2	2
675	7	7	7	7	7	7
676	1	1	1	1	1	1
677	2	3	3	3	3	3
678	8	9	8	8	8	8
679	2	2	2	2	2	2
680	1	1	1	9	1	1
681	0	0	0	0	0	0
682	7	7	7	7	7	7
683	2	3	2	2	2	3
684	0	8	0	0	0	0
685	5	8	8	8	8	8
686	2	2	2	2	2	2
687	0	0	0	0	0	0
688	0	0	0	0	0	0
689	2	1	2	2	2	2
690	4	4	4	4	4	4
691	9	9	9	9	9	9
692	4	4	4	4	4	4
693	4	4	4	9	4	7
694	9	9	9	9	9	9
695	8	5	8	8	8	8
696	3	3	3	3	3	3
697	9	9	9	9	9	9
698	9	4	4	9	9	4
699	9	9	9	9	9	9
700	4	4	4	4	4	4
701	9	9	4	4	4	9
702	3	3	3	3	3	3
703	6	3	6	6	6	0
704	2	2	2	2	2	2
705	5	5	5	6	5	5
706	9	9	9	9	9	9
707	6	6	6	6	6	6
708	9	9	4	4	4	4
709	6	6	6	6	6	6
710	2	2	2	3	2	2
711	4	4	4	4	4	4
712	5	9	5	5	5	5
713	0	0	0	0	0	0
714	3	6	3	3	3	3
715	5	5	5	5	5	5
716	5	7	5	5	5	5
717	8	8	8	8	8	8
718	7	7	7	7	7	7
719	3	3	3	3	3	3
720	6	6	6	6	6	6
721	1	1	1	1	1	1
722	9	9	9	9	9	9
723	0	0	0	0	0	0
724	3	3	3	3	3	3
725	6	6	6	6	6	6
726	9	9	9	9	9	9
727	5	5	5	5	5	5
728	3	3	3	3	3	3
729	3	1	1	7	1	1
730	9	9	9	9	9	9
731	8	8	8	8	8	5
732	7	7	7	7	7	7
733	2	2	2	2	2	2
734	4	4	4	4	4	4
735	4	4	4	4	4	4
736	2	8	2	2	2	8
737	4	4	4	4	4	4
738	0	0	0	0	0	0
739	2	2	2	2	2	2
740	3	3	3	3	3	3
741	7	7	7	7	7	7
742	5	5	5	5	5	5
743	3	9	9	9	9	9
744	0	0	0	5	0	3
745	4	4	4	4	4	4
746	7	7	3	7	7	7
747	9	9	9	9	9	9
748	0	0	0	0	0	0
749	7	7	7	7	7	7
750	9	9	9	9	9	9
751	2	2	2	2	2	2
752	1	1	1	1	1	1
753	6	6	6	6	6	6
754	5	5	5	5	5	5
755	2	2	2	2	2	2
756	3	8	8	3	8	8
757	3	9	9	9	9	9
758	8	8	8	8	8	8
759	3	7	9	3	3	9
760	8	8	8	8	8	8
761	8	8	8	8	8	8
762	7	7	7	7	7	7
763	0	0	0	0	0	0
764	8	8	8	8	8	8
765	8	8	8	8	8	8
766	8	8	8	8	8	8
767	6	6	6	6	6	6
768	6	6	6	6	6	6
769	6	5	6	6	6	6
770	7	9	7	7	7	9
771	1	1	1	1	1	1
772	2	2	2	2	2	2
773	6	6	6	6	6	6
774	9	9	9	9	9	9
775	9	9	9	9	9	9
776	5	5	5	5	5	5
777	4	4	4	4	4	4
778	3	3	3	3	3	3
779	3	3	7	2	3	7
780	6	6	6	6	6	6
781	1	1	1	1	1	1
782	3	3	3	3	3	3
783	3	3	3	3	3	3
784	3	3	3	3	3	3
785	6	6	6	6	2	6
786	3	3	3	3	3	3
787	3	3	3	3	3	3
788	3	3	3	3	3	3
789	5	5	5	5	5	5
790	0	0	0	0	0	0
791	2	2	2	2	2	2
792	9	9	9	9	9	9
793	0	0	0	0	0	0
794	7	7	7	7	7	7
795	6	5	5	6	6	6
796	9	4	9	9	2	9
797	3	3	3	3	3	3
798	1	1	1	1	1	1
799	7	1	9	4	4	7
800	5	5	5	5	5	5
801	9	4	9	9	9	7
802	2	5	5	5	6	2
803	2	6	6	2	2	2
804	1	1	1	1	1	1
805	9	9	9	9	9	9
806	0	0	0	0	0	0
807	4	4	4	4	4	4
808	9	4	9	9	9	9
809	1	1	1	1	1	1
810	7	1	7	7	7	7
811	3	8	8	8	8	8
812	1	1	1	1	1	1
813	9	9	9	9	9	9
814	7	9	7	3	7	5
815	1	1	1	1	1	1
816	1	1	1	1	1	1
817	8	8	8	8	8	8
818	6	6	6	6	6	6
819	0	4	2	0	0	5
820	7	7	7	7	7	7
821	5	1	5	5	1	5
822	6	6	6	6	6	6
823	3	8	5	8	5	8
824	1	1	1	1	1	1
825	5	5	5	5	5	5
826	3	8	8	8	8	8
827	9	7	9	9	9	7
828	9	9	9	9	9	9
829	6	6	6	6	6	6
830	4	4	4	4	4	4
831	3	8	8	8	8	8
832	7	7	7	7	7	7
833	1	1	1	1	1	1
834	2	2	2	2	2	2
835	0	0	0	0	0	0
836	0	0	0	0	0	0
837	9	9	9	9	9	9
838	7	9	9	4	9	7
839	8	8	8	8	8	8
840	2	6	7	2	2	6
841	0	0	0	0	0	0
842	1	1	1	1	1	1
843	3	3	3	3	3	3
844	9	4	4	4	4	4
845	8	8	8	8	8	8
846	3	3	3	3	3	3
847	9	9	9	9	9	9
848	0	4	0	0	0	0
849	3	4	4	4	4	3
850	5	5	5	5	5	5
851	5	5	5	5	5	5
852	0	0	0	0	0	0
853	8	8	8	8	8	8
854	8	5	8	8	8	8
855	1	1	1	1	1	1
856	5	5	5	5	5	5
857	3	3	3	3	3	3
858	3	3	3	3	3	5
859	2	8	2	2	2	2
860	0	0	0	0	0	0
861	7	7	7	7	7	7
862	4	4	4	4	4	4
863	3	3	3	3	3	3
864	4	9	9	4	4	9
865	7	7	7	7	7	7
866	9	9	9	9	9	9
867	3	3	3	3	3	3
868	1	1	1	1	1	1
869	7	7	7	7	7	7
870	9	9	9	9	9	9
871	0	0	0	0	0	0
872	3	3	3	3	3	3
873	6	4	6	6	6	4
874	3	3	3	3	3	3
875	7	7	7	7	7	7
876	0	0	0	0	0	0
877	9	7	7	7	7	7
878	5	5	5	5	5	5
879	2	3	2	2	2	2
880	8	5	5	9	5	5
881	7	7	7	7	7	7
882	9	9	4	4	9	9
883	9	9	9	9	9	9
884	0	0	0	0	0	0
885	8	8	8	8	8	8
886	3	3	3	3	3	3
887	1	1	1	1	1	1
888	1	1	1	1	1	1
889	6	6	6	6	6	6
890	3	3	3	3	3	3
891	1	1	1	1	1	1
892	3	3	3	3	3	3
893	2	8	2	2	2	2
894	0	0	0	0	0	0
895	5	5	5	5	5	5
896	7	7	7	7	7	7
897	3	7	3	3	3	7
898	6	6	6	6	6	6
899	9	9	9	9	9	9
900	6	6	6	6	6	6
901	6	6	6	6	6	6
902	5	5	5	5	5	5
903	1	1	1	1	1	1
904	2	2	2	2	2	2
905	9	4	4	4	4	4
906	1	1	1	1	1	1
907	1	1	1	1	1	1
908	4	4	4	4	4	4
909	9	9	9	9	9	9
910	5	4	5	5	5	8
911	1	1	1	1	1	1
912	3	3	3	3	3	3
913	8	8	8	8	8	8
914	7	7	7	7	7	7
915	6	6	6	6	6	6
916	3	3	3	3	3	3
917	2	2	2	2	2	2
918	0	0	0	0	0	0
919	9	9	9	4	9	9
920	1	1	1	1	1	1
921	0	0	0	0	0	0
922	8	3	8	8	8	3
923	9	4	9	9	9	4
924	9	9	9	9	9	9
925	5	5	5	5	5	5
926	5	5	5	5	5	5
927	6	6	6	6	6	6
928	0	0	0	0	0	0
929	7	7	7	7	7	7
930	3	3	3	3	3	3
931	4	4	4	4	4	4
932	3	3	3	3	3	5
933	3	3	3	3	3	3
934	5	5	5	5	5	5
935	7	7	7	7	7	7
936	1	1	1	1	1	1
937	7	7	7	7	7	7
938	6	6	6	6	6	6
939	1	1	1	1	1	1
940	5	5	5	5	5	0
941	8	4	8	8	8	4
942	6	6	6	6	6	6
943	0	0	0	0	0	0
944	2	2	2	2	2	2
945	5	9	5	5	5	9
946	7	7	7	7	7	7
947	6	6	6	6	6	6
948	4	9	4	4	4	9
949	2	6	2	2	2	2
950	4	4	4	4	4	4
951	0	0	0	0	0	0
952	8	8	8	8	8	8
953	3	3	3	3	3	3
954	9	9	9	9	9	9
955	7	7	7	7	7	7
956	5	5	5	5	5	5
957	5	9	9	8	9	8
958	6	6	8	5	6	6
959	6	6	6	6	6	6
960	0	0	0	0	0	0
961	4	4	4	4	4	4
962	9	4	9	4	4	4
963	3	3	3	3	2	3
964	2	0	2	0	2	2
965	6	6	6	6	6	6
966	2	2	2	2	2	2
967	1	1	1	1	1	1
968	6	6	6	6	6	6
969	3	3	3	3	3	3
970	5	5	5	5	3	5
971	6	6	6	6	6	6
972	8	9	7	3	8	8
973	6	6	6	6	6	6
974	3	3	3	3	3	3
975	1	1	1	1	1	1
976	4	4	4	4	4	4
977	1	1	1	1	1	1
978	9	9	9	9	9	9
979	1	1	1	1	1	1
980	2	2	2	2	2	2
981	1	1	1	1	1	1
982	3	1	3	1	1	1
983	3	3	3	3	3	3
984	4	4	4	4	4	4
985	9	9	9	9	9	9
986	6	6	6	6	6	6
987	1	1	1	1	1	1
988	7	7	7	7	7	7
989	5	5	5	5	5	5
990	5	5	5	5	5	5
991	1	1	1	1	1	1
992	7	7	7	7	7	7
993	3	4	5	5	5	8
994	6	6	6	6	6	6
995	9	8	8	4	4	9
996	3	3	3	3	3	3
997	6	6	6	6	6	6
998	9	9	9	9	9	9
999	6	4	6	6	6	6
1000	2	8	2	2	2	8
1001	7	7	7	7	7	7
1002	0	0	0	0	0	0
1003	5	5	5	5	5	5
1004	6	6	6	6	6	6
1005	5	5	5	5	0	5
1006	4	4	4	4	4	4
1007	3	3	3	3	3	3
1008	5	5	5	5	5	5
1009	5	5	5	5	5	5
1010	6	6	6	6	6	6
1011	3	3	3	3	3	3
1012	0	0	0	0	0	0
1013	3	3	3	3	3	3
1014	4	4	4	4	4	4
1015	2	2	2	2	2	2
1016	9	9	9	9	9	9
1017	7	7	7	7	7	7
1018	2	2	2	2	2	2
1019	8	1	8	8	8	8
1020	9	9	4	4	9	4
1021	6	6	6	6	6	6
1022	0	0	0	0	0	0
1023	5	5	5	5	5	5
1024	2	2	2	2	2	2
1025	5	5	5	5	5	5
1026	0	0	0	0	0	0
1027	8	0	8	8	8	8
1028	2	8	2	2	2	8
1029	5	5	5	5	5	5
1030	4	4	4	4	4	4
1031	2	5	3	0	0	5
1032	8	1	8	8	8	8
1033	4	4	4	4	4	4
1034	5	5	5	5	5	9
1035	2	2	2	2	2	2
1036	0	0	0	0	0	0
1037	3	3	3	3	3	3
1038	8	8	8	9	3	8
1039	9	9	9	9	9	9
1040	4	4	4	4	6	9
1041	2	2	2	2	2	2
1042	5	5	5	5	5	5
1043	1	1	1	1	1	1
1044	1	1	1	1	1	1
1045	2	8	8	2	2	8
1046	6	6	6	6	6	6
1047	7	7	7	7	7	7
1048	6	6	6	6	6	6
1049	4	4	4	4	4	4
1050	9	9	9	9	9	9
1051	9	9	9	4	4	9
1052	2	2	2	2	2	2
1053	5	5	5	5	5	5
1054	9	9	9	9	9	9
1055	8	8	8	8	8	8
1056	1	1	1	1	1	1
1057	4	4	4	4	4	4
1058	1	1	1	1	1	1
1059	7	7	7	7	7	7
1060	2	2	8	2	2	2
1061	4	4	4	4	4	4
1062	6	6	6	6	6	6
1063	8	8	8	8	8	8
1064	2	2	2	2	2	2
1065	3	3	3	8	8	3
1066	5	5	5	5	5	5
1067	2	2	2	2	2	2
1068	2	2	2	2	2	2
1069	3	3	5	2	3	3
1070	0	0	0	0	0	0
1071	9	1	1	1	1	1
1072	0	0	0	0	0	0
1073	2	2	2	2	2	2
1074	3	3	5	5	5	3
1075	7	7	7	7	7	7
1076	9	9	9	9	9	9
1077	4	1	4	4	4	4
1078	2	2	2	2	2	2
1079	6	6	6	6	6	6
1080	4	4	4	9	4	4
1081	5	5	5	5	5	5
1082	6	6	6	6	6	6
1083	8	8	8	8	8	8
1084	6	6	5	6	6	5
1085	7	7	7	7	7	7
1086	1	1	1	1	1	8
1087	3	3	3	3	3	3
1088	4	4	4	4	4	4
1089	8	8	8	8	8	8
1090	6	6	6	6	6	6
1091	7	7	7	7	7	7
1092	0	0	0	0	0	0
1093	7	7	7	7	7	7
1094	2	8	2	2	2	2
1095	9	9	9	9	9	9
1096	8	1	8	8	8	8
1097	5	5	5	5	5	5
1098	4	4	4	4	4	4
1099	4	4	4	4	4	4
1100	2	2	2	2	2	2
1101	1	1	1	1	1	1
1102	1	1	1	1	1	1
1103	7	7	7	7	7	7
1104	6	6	6	6	6	6
1105	7	7	7	7	7	7
1106	7	7	7	7	7	7
1107	9	9	9	9	9	9
1108	7	7	7	7	7	7
1109	1	1	1	1	1	1
1110	7	7	7	7	7	7
1111	3	3	3	3	3	5
1112	3	8	8	5	5	8
1113	1	1	1	1	1	1
1114	3	3	3	3	3	3
1115	6	6	6	6	6	6
1116	1	1	1	1	1	1
1117	3	3	3	3	3	3
1118	7	7	7	7	7	7
1119	5	5	5	3	5	5
1120	9	9	9	9	9	9
1121	2	2	2	6	0	2
1122	2	1	2	2	2	2
1123	7	7	8	2	7	7
1124	3	3	3	3	3	3
1125	0	0	0	0	0	0
1126	4	4	4	4	4	4
1127	3	3	3	3	3	3
1128	8	5	8	8	8	5
1129	9	9	9	9	9	9
1130	2	2	2	2	2	2
1131	9	9	9	9	9	9
1132	7	7	7	7	7	7
1133	0	0	0	0	0	0
1134	4	4	4	4	4	4
1135	9	9	9	9	9	5
1136	6	6	6	6	6	6
1137	8	5	5	5	5	5
1138	7	1	7	7	7	2
1139	0	0	0	8	5	0
1140	4	4	4	4	4	4
1141	6	6	6	6	6	6
1142	0	0	0	0	0	0
1143	6	6	6	6	6	6
1144	3	9	7	5	5	7
1145	4	4	4	4	4	4
1146	9	9	9	9	9	9
1147	1	1	1	1	1	1
1148	7	7	7	7	7	7
1149	8	8	8	8	8	8
1150	2	2	2	2	2	2
1151	8	1	1	1	1	1
1152	1	1	1	1	1	1
1153	6	6	6	6	6	6
1154	9	9	9	9	9	9
1155	4	4	4	4	4	4
1156	3	3	3	3	3	3
1157	7	9	7	7	7	7
1158	1	1	1	1	1	1
1159	4	4	4	4	4	4
1160	9	4	8	4	4	8
1161	0	0	0	0	0	0
1162	9	9	9	9	9	9
1163	7	7	7	7	7	7
1164	4	4	4	4	4	4
1165	2	1	2	2	2	2
1166	4	4	4	4	4	4
1167	0	0	0	0	0	0
1168	0	0	0	0	0	0
1169	1	1	1	1	1	1
1170	9	9	8	8	7	8
1171	6	6	6	6	6	6
1172	0	0	0	0	0	0
1173	1	1	1	1	1	1
1174	6	6	6	6	6	6
1175	8	8	8	8	8	8
1176	2	2	2	2	2	2
1177	3	3	3	3	3	3
1178	3	5	5	3	3	5
1179	9	9	4	4	4	9
1180	3	3	3	3	3	3
1181	2	0	2	2	2	2
1182	7	7	7	7	7	7
1183	5	9	5	5	3	5
1184	4	4	4	4	4	4
1185	0	0	0	0	0	0
1186	1	1	1	8	1	1
1187	7	7	7	7	7	7
1188	3	7	3	3	3	8
1189	1	1	1	1	1	1
1190	1	1	1	1	1	1
1191	2	2	2	2	2	2
1192	4	9	4	4	4	9
1193	1	1	1	1	1	1
1194	0	0	0	0	0	0
1195	1	1	1	1	1	1
1196	1	1	1	1	1	1
1197	4	4	4	7	4	4
1198	8	8	8	8	8	8
1199	3	3	3	3	3	3
1200	9	9	9	4	9	9
1201	6	6	6	6	6	6
1202	2	8	2	2	2	2
1203	8	8	8	8	8	8
1204	1	1	1	1	1	3
1205	2	2	2	2	2	2
1206	9	9	9	9	9	9
1207	2	2	2	2	2	2
1208	3	3	3	3	3	3
1209	9	9	9	9	9	9
1210	9	9	9	9	9	9
1211	0	9	0	0	0	9
1212	3	3	3	3	3	3
1213	6	4	6	6	4	6
1214	4	4	4	4	4	4
1215	0	0	0	0	0	0
1216	6	6	6	6	6	6
1217	6	6	6	6	6	6
1218	6	6	6	6	6	6
1219	8	8	8	8	8	8
1220	9	9	9	4	9	9
1221	7	7	7	7	7	7
1222	2	8	2	2	2	2
1223	9	9	9	9	9	9
1224	7	7	7	7	7	7
1225	2	3	2	2	2	2
1226	6	6	6	6	6	6
1227	7	7	7	7	7	7
1228	0	0	0	0	0	0
1229	5	5	5	5	5	5
1230	7	7	7	7	7	7
1231	2	2	2	2	2	2
1232	9	9	9	9	9	9
1233	9	9	9	9	9	9
1234	2	2	2	2	2	2
1235	2	2	2	2	2	2
1236	4	4	4	4	4	4
1237	2	1	2	2	2	2
1238	3	3	3	3	3	3
1239	2	2	2	2	2	2
1240	7	7	7	7	7	7
1241	7	7	7	7	7	7
1242	6	6	6	6	6	6
1243	4	4	4	4	4	4
1244	1	1	1	1	1	1
1245	8	8	8	8	8	8
1246	9	4	4	4	4	4
1247	6	8	6	5	5	5
1248	2	2	9	2	9	8
1249	2	6	2	2	2	2
1250	0	7	7	7	7	7
1251	3	3	3	3	3	3
1252	7	7	7	7	7	7
1253	3	5	5	5	5	5
1254	0	0	0	0	0	0
1255	1	1	1	1	1	1
1256	6	6	1	1	1	6
1257	3	5	3	5	5	5
1258	6	6	6	6	6	6
1259	0	0	0	0	0	0
1260	7	7	7	7	7	7
1261	5	0	5	5	5	5
1262	1	1	1	1	1	1
1263	6	6	5	6	0	6
1264	3	3	5	5	3	3
1265	9	9	9	9	9	9
1266	8	8	8	8	8	8
1267	3	8	8	8	8	3
1268	3	3	3	3	3	3
1269	5	4	8	5	5	8
1270	0	0	0	0	0	0
1271	3	5	5	5	5	5
1272	2	6	3	3	3	3
1273	8	8	8	8	8	8
1274	7	7	7	7	7	7
1275	3	3	3	3	3	3
1276	5	5	5	5	5	5
1277	0	0	0	0	0	0
1278	2	2	2	2	2	2
1279	3	1	1	8	8	5
1280	5	7	5	5	5	7
1281	3	3	3	3	3	3
1282	1	1	1	1	1	1
1283	7	1	2	7	7	2
1284	6	6	6	6	6	6
1285	5	5	5	5	5	5
1286	9	7	9	9	9	7
1287	3	3	3	3	3	3
1288	1	1	1	1	1	1
1289	0	0	0	0	0	0
1290	5	5	5	5	5	5
1291	1	1	1	1	1	1
1292	2	2	2	2	2	2
1293	9	9	9	9	9	9
1294	7	7	7	7	7	7
1295	5	5	5	5	5	5
1296	2	9	8	4	8	9
1297	5	1	5	5	5	5
1298	4	4	4	4	4	4
1299	8	1	8	8	8	8
1300	3	3	3	3	3	3
1301	0	0	0	0	0	0
1302	6	6	6	6	6	6
1303	2	6	2	2	2	6
1304	3	3	3	3	3	3
1305	3	3	3	3	3	3
1306	1	1	1	1	1	1
1307	0	0	0	0	0	0
1308	7	2	7	7	7	2
1309	3	3	3	3	3	3
1310	3	3	3	3	3	3
1311	8	8	8	8	8	8
1312	0	0	0	0	0	0
1313	3	3	3	3	3	3
1314	8	8	8	8	8	8
1315	7	7	7	7	7	7
1316	4	4	4	4	4	4
1317	3	3	3	3	3	3
1318	9	9	5	3	5	5
1319	0	0	0	0	0	0
1320	5	5	5	5	5	5
1321	1	1	1	1	1	1
1322	4	4	4	4	4	4
1323	1	1	1	1	1	1
1324	2	6	2	2	2	2
1325	7	2	7	7	7	2
1326	5	4	5	5	5	6
1327	2	2	2	2	2	2
1328	6	6	6	6	6	6
1329	9	9	9	9	9	9
1330	2	2	2	2	2	2
1331	4	4	4	4	4	4
1332	9	9	9	9	9	9
1333	5	5	5	5	5	5
1334	0	0	0	0	0	0
1335	8	8	8	8	8	8
1336	1	1	1	1	1	1
1337	9	9	9	9	9	9
1338	5	1	5	5	5	3
1339	2	6	6	2	2	2
1340	0	0	0	0	0	0
1341	1	1	1	1	1	1
1342	4	4	4	4	4	4
1343	4	4	4	4	4	4
1344	7	7	7	7	7	7
1345	6	6	6	6	6	6
1346	3	3	3	3	3	3
1347	8	8	8	8	8	8
1348	0	0	0	0	0	0
1349	9	9	9	4	9	9
1350	3	3	3	3	3	3
1351	6	6	6	6	6	6
1352	1	1	1	1	1	1
1353	1	1	1	1	1	1
1354	3	3	3	3	3	3
1355	6	6	6	6	6	6
1356	3	3	3	3	3	3
1357	6	6	6	6	6	6
1358	0	0	0	0	0	0
1359	9	9	9	9	9	9
1360	6	6	6	6	6	6
1361	8	8	8	8	8	8
1362	2	2	2	2	2	2
1363	9	9	9	9	9	9
1364	5	1	5	1	5	5
1365	3	3	3	3	3	3
1366	1	1	1	1	1	1
1367	0	0	0	6	6	0
1368	1	1	1	1	1	1
1369	9	9	9	9	9	9
1370	0	0	0	0	0	0
1371	6	6	6	6	6	6
1372	0	0	0	0	0	0
1373	0	0	0	0	0	0
1374	6	6	6	6	6	6
1375	5	5	5	5	5	5
1376	9	9	9	9	9	9
1377	9	9	9	9	9	9
1378	5	5	5	5	5	5
1379	8	8	8	8	8	8
1380	5	5	5	5	5	5
1381	0	0	0	0	0	0
1382	9	9	9	9	9	9
1383	6	6	6	6	6	6
1384	8	8	8	8	8	8
1385	3	3	3	3	3	3
1386	1	1	1	1	1	1
1387	2	2	2	2	2	2
1388	1	1	1	1	1	1
1389	6	6	6	6	6	6
1390	9	9	9	9	9	9
1391	0	0	0	0	0	0
1392	6	6	6	6	6	6
1393	6	6	6	6	6	6
1394	8	8	8	8	8	8
1395	1	1	1	1	1	1
1396	4	4	4	4	4	4
1397	8	8	8	8	8	8
1398	9	9	4	9	4	9
1399	3	3	3	3	3	3
1400	5	5	5	5	5	5
1401	4	4	4	4	4	4
1402	0	0	0	0	0	0
1403	0	0	0	0	0	0
1404	1	1	1	1	1	1
1405	4	4	4	4	4	4
1406	5	5	5	5	5	5
1407	6	6	6	6	6	6
1408	6	6	6	6	6	6
1409	5	3	3	5	5	3
1410	8	8	8	8	8	8
1411	4	4	4	4	4	4
1412	4	7	4	4	4	9
1413	3	3	3	3	3	3
1414	7	7	7	7	7	7
1415	7	7	7	7	7	7
1416	9	9	9	4	9	9
1417	6	6	6	6	6	6
1418	4	4	4	4	4	4
1419	2	2	2	2	2	2
1420	8	5	8	8	8	8
1421	3	3	3	3	3	3
1422	8	8	8	8	8	8
1423	5	5	5	5	5	5
1424	9	9	9	9	9	9
1425	8	8	8	8	8	8
1426	6	6	6	6	6	6
1427	8	9	8	9	4	9
1428	3	3	3	3	3	3
1429	2	8	8	2	8	8
1430	3	3	3	3	3	3
1431	4	4	4	4	4	4
1432	0	0	0	0	0	0
1433	9	9	9	9	9	9
1434	6	6	6	6	6	6
1435	1	1	1	1	1	1
1436	3	3	3	3	3	3
1437	4	4	4	4	4	4
1438	9	9	9	9	9	9
1439	3	3	3	3	3	3
1440	7	7	7	7	7	7
1441	4	4	4	4	4	4
1442	3	3	3	3	3	3
1443	0	0	0	0	0	0
1444	8	8	8	8	8	8
1445	8	8	8	8	8	8
1446	4	4	4	4	4	4
1447	0	0	0	0	0	0
1448	1	1	1	1	1	1
1449	5	5	5	5	5	5
1450	2	2	2	2	2	2
1451	8	1	8	8	8	8
1452	1	1	1	1	1	1
1453	3	7	7	8	7	7
1454	4	4	4	4	4	4
1455	5	5	4	5	5	5
1456	5	5	5	5	5	5
1457	9	9	4	9	9	9
1458	2	2	3	3	2	2
1459	0	0	0	0	0	0
1460	8	8	8	8	8	8
1461	0	0	0	0	0	0
1462	9	9	7	7	7	9
1463	0	0	0	0	0	0
1464	0	0	0	0	0	0
1465	1	1	1	1	1	1
1466	6	6	6	6	6	6
1467	5	5	5	5	5	5
1468	3	3	3	3	5	3
1469	0	0	0	0	0	0
1470	5	5	5	5	5	5
1471	9	9	9	9	9	9
1472	8	8	8	8	8	8
1473	7	7	7	7	7	7
1474	0	0	0	0	0	0
1475	4	4	4	4	4	4
1476	9	9	9	9	9	9
1477	9	9	9	9	9	9
1478	7	7	7	7	7	7
1479	3	7	3	3	3	3
1480	2	2	2	2	2	2
1481	0	0	0	0	0	0
1482	1	1	1	1	1	1
1483	8	8	8	8	8	8
1484	2	3	2	2	2	2
1485	2	2	2	2	2	2
1486	1	1	1	1	1	1
1487	9	9	9	9	9	9
1488	3	3	3	3	3	3
1489	0	0	0	0	0	0
1490	3	1	5	3	3	3
1491	3	3	3	3	3	3
1492	2	7	7	7	7	7
1493	8	8	8	8	8	8
1494	1	1	1	1	1	1
1495	9	9	9	9	9	9
1496	9	9	9	9	9	9
1497	8	8	8	8	8	8
1498	1	1	1	1	1	1
1499	5	5	5	5	5	5
1500	3	3	3	3	3	3
1501	7	7	7	7	7	7
1502	8	8	4	8	9	8
1503	3	3	3	3	3	3
1504	0	0	0	0	0	0
1505	2	2	2	2	2	2
1506	5	5	5	5	5	5
1507	5	8	8	5	5	5
1508	1	1	1	1	1	1
1509	1	1	1	1	1	1
1510	5	5	5	5	5	5
1511	9	9	4	4	4	9
1512	7	4	3	0	2	4
1513	2	2	2	2	2	2
1514	6	6	6	6	6	6
1515	2	2	2	2	2	2
1516	1	1	1	1	1	1
1517	0	0	0	0	0	0
1518	3	3	3	3	3	3
1519	8	8	8	8	8	8
1520	9	9	9	9	9	9
1521	6	6	6	6	6	6
1522	7	7	7	7	7	7
1523	8	1	9	8	4	8
1524	4	4	4	4	4	4
1525	6	6	6	6	6	6
1526	8	8	8	8	8	8
1527	1	1	1	1	1	1
1528	8	8	8	8	8	8
1529	3	3	3	3	3	3
1530	9	9	9	9	9	9
1531	0	0	0	0	0	0
1532	7	7	7	7	7	7
1533	3	3	3	3	3	3
1534	3	3	8	3	3	3
1535	0	0	0	0	0	0
1536	2	2	2	2	2	2
1537	1	1	1	1	1	1
1538	5	5	5	5	5	5
1539	1	1	1	1	1	1
1540	3	5	5	5	5	5
1541	2	2	2	2	2	2
1542	3	6	2	2	2	3
1543	3	3	3	3	3	3
1544	8	1	1	1	7	8
1545	7	7	7	7	7	7
1546	5	5	5	5	5	5
1547	9	4	4	4	4	4
1548	5	9	5	4	5	9
1549	9	9	9	9	9	9
1550	6	6	6	6	6	6
1551	5	5	5	5	5	5
1552	3	3	3	3	2	3
1553	7	7	7	7	7	7
1554	4	4	4	4	4	4
1555	1	1	1	1	1	1
1556	5	5	5	5	5	5
1557	0	0	0	6	0	0
1558	9	9	4	4	4	9
1559	6	6	6	6	6	6
1560	9	9	8	4	4	9
1561	4	4	4	4	4	4
1562	6	6	6	6	6	6
1563	2	2	2	2	2	2
1564	1	1	1	1	1	1
1565	6	6	6	6	6	6
1566	9	9	9	5	9	9
1567	3	5	3	5	3	5
1568	9	9	9	9	9	9
1569	3	3	3	3	3	3
1570	1	1	1	1	1	1
1571	8	8	8	8	8	8
1572	4	4	4	4	4	4
1573	4	4	4	4	4	4
1574	3	3	3	5	5	3
1575	6	6	6	6	6	6
1576	7	7	7	7	7	7
1577	6	6	6	6	6	6
1578	5	1	2	1	2	3
1579	0	0	0	0	0	0
1580	5	5	5	5	5	5
1581	4	4	4	9	4	4
1582	6	6	6	6	6	6
1583	1	1	1	1	1	1
1584	2	7	2	2	2	2
1585	0	0	0	0	0	0
1586	2	2	2	2	2	2
1587	6	6	6	6	6	6
1588	7	7	7	7	7	7
1589	0	0	0	0	0	0
1590	8	4	8	8	8	4
1591	4	4	4	4	4	4
1592	7	4	7	4	4	4
1593	4	4	4	4	4	4
1594	2	2	2	2	2	2
1595	8	5	8	8	8	8
1596	5	5	5	5	5	5
1597	9	9	9	9	9	9
1598	2	6	2	2	2	2
1599	7	7	7	7	7	7
1600	3	8	8	8	8	8
1601	7	7	7	7	7	7
1602	6	6	6	6	6	6
1603	2	2	2	2	2	2
1604	7	7	7	7	7	7
1605	3	3	3	3	3	3
1606	6	5	6	6	6	5
1607	0	0	0	0	0	0
1608	5	5	5	5	5	5
1609	3	3	3	3	3	3
1610	8	8	8	8	8	8
1611	1	1	1	7	1	3
1612	0	0	0	0	0	0
1613	1	1	1	1	1	1
1614	1	1	1	1	1	1
1615	1	1	1	1	1	1
1616	4	4	4	4	4	4
1617	4	4	4	4	4	4
1618	6	6	6	6	6	6
1619	8	1	8	8	1	1
1620	2	6	2	2	2	2
1621	2	2	2	2	2	2
1622	1	1	1	1	1	1
1623	2	2	8	2	2	2
1624	8	8	8	8	8	8
1625	8	1	1	1	1	1
1626	0	0	0	0	0	0
1627	2	2	2	2	2	2
1628	1	1	1	1	1	1
1629	0	0	6	6	0	2
1630	1	1	1	1	1	1
1631	6	6	6	6	6	6
1632	3	5	5	5	5	5
1633	1	1	1	1	1	1
1634	7	7	7	7	7	7
1635	8	8	8	8	8	8
1636	1	1	1	1	1	1
1637	9	4	4	9	9	4
1638	3	3	3	3	3	3
1639	8	8	8	8	8	8
1640	3	3	3	3	3	3
1641	9	9	9	9	9	9
1642	9	9	9	9	9	9
1643	9	9	4	4	4	9
1644	4	4	4	4	4	4
1645	7	7	7	7	7	7
1646	5	5	5	5	5	5
1647	0	0	0	0	0	0
1648	3	3	3	3	3	3
1649	2	2	2	2	2	2
1650	6	6	6	6	6	6
1651	0	0	0	0	0	0
1652	7	7	7	7	7	7
1653	0	0	0	0	0	0
1654	5	5	5	5	5	5
1655	8	8	8	8	8	8
1656	1	1	1	1	1	1
1657	3	8	8	8	8	8
1658	0	0	0	0	0	0
1659	8	8	8	8	8	5
1660	3	3	3	3	3	3
1661	7	7	7	7	7	7
1662	3	3	3	2	3	3
1663	9	9	9	9	9	9
1664	5	9	9	5	9	9
1665	2	2	2	2	2	2
1666	8	8	8	8	8	8
1667	4	4	4	4	4	4
1668	6	6	6	6	6	5
1669	5	5	5	5	5	5
1670	0	0	0	0	0	0
1671	6	6	6	6	6	6
1672	1	1	1	1	1	1
1673	1	1	1	1	1	1
1674	4	4	4	4	4	4
1675	0	0	0	0	0	0
1676	7	7	7	7	7	7
1677	7	7	7	7	7	7
1678	6	6	6	6	6	6
1679	3	8	8	3	8	8
1680	6	1	6	6	6	6
1681	2	2	2	2	2	2
1682	0	0	0	0	0	0
1683	9	1	9	9	9	9
1684	0	0	0	0	0	0
1685	8	8	8	8	8	8
1686	2	2	2	2	2	2
1687	9	9	9	7	9	9
1688	4	4	4	6	4	6
1689	7	7	7	7	7	7
1690	1	1	1	1	1	1
1691	6	6	6	8	6	6
1692	9	9	9	9	9	9
1693	9	9	9	9	9	9
1694	6	6	6	6	6	6
1695	7	7	7	7	7	7
1696	0	0	0	0	0	0
1697	6	6	6	6	6	6
1698	6	6	6	6	6	6
1699	8	8	8	8	8	8
1700	5	5	5	5	5	5
1701	3	2	3	3	3	3
1702	9	4	9	4	9	4
1703	0	0	0	0	0	0
1704	0	0	0	0	0	0
1705	0	0	0	0	0	0
1706	1	1	1	1	1	1
1707	1	1	1	1	1	1
1708	9	9	9	9	9	9
1709	6	6	6	6	6	6
1710	6	6	6	6	6	6
1711	1	1	1	1	1	1
1712	1	1	1	1	1	1
1713	2	2	2	2	2	2
1714	2	1	2	2	2	5
1715	4	9	9	4	4	4
1716	1	1	1	1	1	1
1717	0	0	0	0	0	0
1718	6	6	6	6	6	6
1719	4	4	4	4	4	4
1720	0	0	0	0	0	0
1721	0	0	0	0	0	0
1722	6	6	6	6	6	6
1723	3	3	3	3	3	5
1724	3	3	3	3	3	3
1725	0	8	0	0	8	8
1726	7	1	7	7	7	7
1727	1	1	1	1	1	1
1728	1	1	1	1	1	1
1729	3	8	3	8	3	3
1730	8	1	1	1	1	1
1731	9	9	9	9	9	9
1732	7	7	7	7	7	7
1733	5	5	5	5	5	5
1734	9	9	9	9	9	9
1735	3	3	3	3	3	3
1736	5	5	5	5	5	5
1737	8	8	8	8	8	8
1738	3	3	7	7	7	3
1739	9	9	9	9	9	9
1740	1	1	1	1	1	1
1741	0	0	0	0	0	0
1742	9	4	9	9	9	9
1743	3	3	3	3	3	3
1744	6	6	6	6	6	6
1745	8	8	8	8	8	8
1746	4	4	4	4	4	4
1747	0	0	0	0	0	0
1748	3	8	8	8	8	8
1749	4	4	4	4	4	4
1750	8	8	8	8	8	8
1751	3	6	5	5	5	5
1752	3	8	8	8	8	8
1753	2	2	2	2	2	2
1754	2	2	2	2	2	2
1755	8	8	8	8	8	8
1756	4	4	4	4	4	4
1757	6	6	6	6	6	6
1758	2	8	8	8	8	8
1759	6	6	6	6	6	6
1760	9	9	9	9	9	9
1761	3	3	3	3	3	3
1762	9	9	9	9	9	4
1763	8	9	8	8	8	4
1764	7	7	7	7	7	7
1765	5	8	5	5	5	5
1766	9	9	9	9	9	9
1767	0	0	0	0	0	0
1768	4	4	4	4	4	4
1769	4	4	4	4	4	4
1770	3	3	3	3	3	3
1771	2	8	8	8	8	8
1772	4	4	4	4	4	4
1773	5	5	5	5	5	5
1774	6	6	6	6	6	6
1775	5	5	5	5	5	5
1776	6	1	6	6	6	6
1777	3	5	5	5	5	8
1778	6	6	6	6	6	6
1779	4	4	4	4	4	4
1780	8	8	8	3	8	5
1781	6	6	6	6	6	6
1782	8	5	8	8	8	5
1783	5	5	5	5	5	5
1784	4	4	4	4	4	4
1785	7	9	7	7	8	9
1786	7	7	7	7	7	7
1787	8	8	8	8	8	8
1788	2	2	2	2	2	2
1789	2	1	2	2	2	2
1790	7	7	7	7	7	7
1791	0	0	0	0	0	0
1792	1	1	1	1	1	1
1793	9	9	9	9	9	9
1794	5	5	5	5	5	5
1795	5	9	8	5	8	5
1796	2	3	3	3	3	5
1797	6	1	6	4	1	1
1798	6	6	6	6	6	6
1799	6	6	6	6	6	6
1800	0	4	0	4	4	0
1801	1	1	1	1	1	1
1802	4	4	4	4	4	4
1803	4	4	4	4	4	4
1804	4	4	4	4	4	4
1805	6	6	6	6	6	6
1806	9	9	9	9	9	9
1807	5	5	5	5	5	5
1808	6	6	6	6	6	6
1809	1	1	1	1	1	1
1810	8	8	8	8	8	8
1811	8	8	8	8	8	8
1812	3	3	0	3	0	3
1813	5	5	5	5	5	5
1814	7	7	7	7	7	7
1815	8	8	8	8	8	8
1816	8	8	8	8	8	8
1817	5	5	5	5	5	5
1818	7	7	7	7	7	7
1819	1	1	1	1	1	1
1820	0	0	0	0	0	0
1821	1	1	1	1	1	1
1822	5	9	5	5	5	5
1823	0	0	0	0	0	0
1824	7	7	7	7	7	7
1825	1	1	1	1	1	1
1826	1	1	1	1	1	1
1827	0	0	0	0	0	0
1828	4	4	4	4	4	4
1829	6	6	6	6	6	6
1830	2	8	2	2	2	2
1831	2	2	2	2	2	2
1832	5	5	5	5	5	5
1833	2	2	2	2	2	2
1834	3	3	3	3	3	3
1835	6	6	6	6	6	6
1836	1	1	1	1	1	1
1837	8	8	8	8	8	8
1838	2	2	2	2	2	2
1839	4	4	4	4	4	4
1840	0	0	0	0	0	0
1841	5	5	5	5	5	5
1842	0	0	0	0	0	0
1843	2	2	2	2	2	2
1844	4	4	4	4	4	4
1845	3	3	3	3	3	3
1846	6	1	6	3	6	6
1847	6	6	6	6	6	6
1848	7	7	7	7	7	7
1849	2	2	2	2	2	2
1850	2	3	2	2	2	2
1851	6	6	6	6	6	6
1852	0	0	0	0	0	0
1853	1	1	1	1	1	1
1854	8	8	8	8	8	8
1855	8	8	8	5	2	8
1856	8	8	8	8	8	8
1857	9	9	9	9	9	9
1858	0	0	0	0	0	0
1859	6	6	6	6	6	6
1860	3	3	3	3	3	3
1861	9	9	9	9	9	9
1862	7	7	7	7	7	7
1863	4	4	4	4	4	4
1864	6	6	4	6	6	6
1865	8	8	3	8	8	8
1866	2	2	2	2	2	2
1867	0	0	0	0	0	0
1868	8	5	8	8	8	8
1869	3	3	3	3	3	3
1870	3	3	3	3	3	3
1871	1	1	1	1	1	1
1872	1	1	1	1	1	1
1873	1	1	1	1	1	1
1874	6	6	6	6	6	6
1875	6	4	6	6	6	6
1876	5	5	5	5	5	5
1877	7	1	2	7	7	2
1878	4	4	4	4	4	2
1879	9	9	9	9	9	9
1880	5	5	5	6	6	6
1881	9	9	9	3	9	9
1882	2	2	2	2	2	2
1883	8	8	5	5	8	8
1884	1	1	1	1	1	1
1885	1	1	1	1	1	1
1886	9	9	9	9	9	9
1887	1	1	1	1	1	1
1888	2	8	2	2	2	8
1889	1	1	1	1	1	1
1890	8	1	1	1	1	1
1891	0	0	0	0	0	0
1892	9	9	9	9	9	9
1893	9	4	4	4	9	4
1894	3	3	3	3	3	3
1895	5	5	5	5	5	5
1896	9	9	9	4	9	9
1897	6	6	6	6	6	6
1898	2	2	2	2	2	2
1899	0	0	0	0	0	0
1900	0	0	0	0	0	0
1901	0	0	0	0	0	0
1902	5	5	8	8	8	5
1903	5	9	5	5	5	5
1904	3	3	3	3	3	3
1905	8	8	8	8	8	8
1906	2	4	2	2	2	4
1907	9	4	9	9	4	4
1908	6	6	6	6	6	6
1909	2	2	2	2	2	2
1910	3	3	3	3	3	3
1911	3	3	3	3	3	3
1912	5	5	5	5	5	5
1913	0	0	0	0	0	0
1914	9	9	9	9	9	9
1915	2	9	2	2	2	2
1916	3	3	3	3	3	3
1917	6	6	6	6	6	6
1918	9	9	9	5	7	9
1919	5	5	5	5	5	5
1920	9	9	9	9	9	9
1921	2	2	2	2	2	2
1922	6	2	6	6	6	2
1923	0	0	0	0	0	0
1924	3	3	7	7	3	3
1925	0	0	0	0	0	0
1926	9	9	9	9	9	9
1927	1	1	1	1	1	1
1928	2	5	6	2	0	5
1929	5	8	5	5	5	5
1930	9	9	9	9	9	9
1931	9	9	9	9	9	9
1932	5	5	5	5	5	5
1933	9	9	9	9	9	9
1934	2	2	2	2	2	2
1935	4	4	4	4	4	4
1936	8	8	8	8	8	8
1937	4	9	9	4	9	4
1938	4	4	4	4	4	4
1939	2	8	3	2	2	8
1940	7	7	7	7	7	7
1941	9	4	9	9	9	0
1942	8	8	8	8	8	8
1943	9	9	9	9	9	9
1944	6	6	6	6	6	6
1945	8	8	8	8	8	8
1946	9	9	9	9	9	9
1947	6	6	6	6	6	6
1948	1	1	1	1	1	1
1949	5	5	5	5	5	5
1950	2	2	2	2	2	2
1951	1	1	1	1	1	1
1952	0	0	0	0	0	0
1953	2	2	2	2	3	2
1954	5	5	5	5	5	5
1955	6	6	6	6	6	6
1956	2	3	2	2	2	2
1957	3	3	3	3	3	3
1958	5	5	5	5	5	5
1959	1	1	1	1	1	1
1960	7	7	7	7	7	7
1961	8	8	2	2	2	8
1962	1	1	1	1	1	1
1963	6	6	6	6	6	6
1964	1	1	1	1	1	1
1965	3	3	3	3	3	3
1966	5	5	5	5	5	5
1967	1	1	1	1	1	1
1968	6	6	6	6	6	6
1969	2	2	2	2	2	2
1970	7	7	7	7	7	7
1971	0	0	0	0	0	0
1972	0	0	0	0	0	0
1973	3	3	3	3	3	3
1974	8	8	8	8	8	8
1975	8	8	8	8	8	8
1976	3	3	3	3	3	3
1977	8	9	9	8	9	9
1978	4	4	4	4	4	4
1979	5	5	5	5	5	5
1980	6	5	5	6	6	6
1981	8	4	8	8	8	4
1982	3	3	3	3	3	3
1983	9	9	9	9	9	9
1984	9	9	9	9	9	9
1985	4	4	4	4	4	4
1986	6	6	6	6	6	6
1987	7	7	7	7	7	7
1988	1	1	1	1	1	1
1989	3	3	3	3	2	3
1990	3	3	3	3	3	3
1991	6	6	6	6	6	6
1992	0	0	0	0	0	0
1993	9	9	9	9	9	9
1994	0	0	0	0	0	0
1995	3	2	2	2	2	2
1996	8	8	8	8	8	8
1997	0	4	0	0	0	0
1998	9	9	9	9	9	9
1999	7	7	7	7	7	7
2000	8	8	5	5	5	8
2001	3	3	3	3	3	3
2002	4	4	4	4	4	4
2003	7	7	7	7	7	7
2004	9	9	9	9	9	9
2005	9	4	9	4	4	4
2006	6	6	6	6	6	6
2007	3	3	3	3	3	3
2008	1	1	1	1	1	1
2009	6	6	6	6	6	6
2010	9	9	9	9	9	9
2011	1	1	1	1	1	1
2012	5	1	1	1	1	5
2013	1	1	1	1	1	1
2014	9	9	9	9	3	9
2015	9	9	9	9	9	9
2016	3	9	3	3	3	3
2017	6	6	6	6	6	6
2018	8	8	8	8	8	8
2019	6	6	6	6	6	6
2020	3	3	3	3	3	3
2021	4	4	4	4	4	4
2022	0	0	0	0	0	0
2023	6	1	6	6	6	6
2024	1	1	1	1	1	1
2025	9	9	9	9	9	9
2026	0	0	0	0	0	0
2027	3	3	5	5	5	5
2028	4	4	4	4	4	4
2029	9	9	9	9	9	9
2030	2	2	2	2	2	2
2031	1	1	1	1	1	1
2032	8	8	8	8	8	8
2033	7	7	7	7	7	7
2034	6	5	5	6	6	5
2035	9	4	4	7	4	7
2036	1	1	1	1	1	1
2037	4	4	4	4	4	4
2038	5	3	5	3	3	3
2039	7	7	7	7	7	7
2040	1	1	1	1	1	1
2041	3	0	0	5	0	5
2042	0	0	0	0	0	0
2043	0	0	0	0	0	0
2044	3	3	3	3	3	3
2045	1	1	1	1	1	1
2046	7	7	7	7	7	7
2047	0	0	0	0	0	0
2048	8	8	8	8	8	8
2049	9	9	9	9	9	9
2050	8	8	8	8	8	8
2051	3	3	3	3	3	3
2052	2	2	2	3	2	2
2053	9	9	9	9	9	9
2054	7	7	7	7	7	7
2055	5	5	5	5	5	5
2056	3	3	3	3	3	3
2057	9	4	9	9	4	2
2058	8	8	8	8	8	8
2059	2	2	2	2	2	2
2060	2	2	2	2	2	2
2061	5	5	5	5	5	5
2062	7	7	7	7	7	7
2063	3	3	3	3	3	3
2064	6	6	6	6	6	6
2065	6	6	6	6	6	6
2066	9	9	9	4	9	9
2067	2	2	2	2	2	2
2068	8	8	8	8	8	8
2069	8	8	8	8	8	8
2070	1	1	1	1	1	1
2071	8	2	2	8	2	2
2072	8	9	8	8	8	8
2073	7	7	7	7	7	7
2074	9	9	9	9	9	9
2075	7	7	7	7	7	7
2076	2	2	2	2	2	2
2077	7	7	7	7	7	7
2078	1	1	1	1	1	1
2079	0	0	0	0	0	0
2080	0	0	0	0	0	0
2081	3	9	8	8	8	3
2082	6	6	6	6	6	6
2083	9	0	0	5	5	0
2084	3	3	3	3	3	3
2085	8	8	3	8	8	8
2086	0	0	0	0	0	0
2087	1	1	1	1	1	1
2088	1	1	1	1	1	1
2089	9	9	9	9	9	9
2090	7	7	7	7	7	7
2091	1	1	1	1	1	1
2092	9	9	9	9	9	9
2093	9	9	9	9	9	9
2094	9	9	9	9	9	9
2095	0	0	0	0	0	0
2096	0	0	0	0	0	5
2097	1	1	1	1	1	1
2098	6	6	6	6	6	6
2099	9	9	9	4	9	9
2100	4	4	4	4	4	4
2101	9	9	9	9	9	9
2102	7	7	7	7	7	7
2103	9	1	9	1	9	5
2104	5	5	5	5	5	5
2105	6	4	6	6	6	6
2106	3	6	2	2	3	6
2107	2	1	8	2	8	2
2108	5	5	5	5	5	5
2109	5	5	2	3	3	5
2110	9	9	9	9	9	9
2111	1	1	1	1	1	1
2112	4	4	4	4	4	4
2113	9	4	4	4	4	4
2114	3	3	3	3	3	3
2115	7	2	7	7	7	2
2116	8	8	8	8	8	8
2117	8	9	8	8	8	8
2118	1	1	1	1	1	1
2119	9	9	9	9	9	9
2120	3	3	3	3	3	3
2121	9	9	9	9	9	9
2122	8	8	8	8	8	8
2123	8	8	8	8	8	8
2124	5	5	5	5	5	5
2125	3	0	5	5	0	0
2126	3	3	3	3	3	3
2127	4	4	4	4	4	4
2128	2	2	2	2	2	2
2129	5	5	5	5	5	5
2130	5	3	5	5	5	3
2131	1	1	1	1	1	1
2132	3	1	8	7	4	1
2133	1	1	1	1	1	1
2134	4	4	4	4	4	4
2135	4	6	4	4	4	6
2136	3	3	3	3	3	3
2137	9	9	9	9	9	9
2138	2	2	2	2	2	2
2139	3	3	3	3	3	3
2140	3	3	3	3	3	3
2141	9	9	9	9	9	9
2142	0	0	0	0	0	0
2143	9	9	9	3	9	9
2144	0	0	0	0	0	0
2145	9	9	9	9	9	9
2146	3	3	3	3	3	3
2147	4	4	4	4	4	4
2148	1	1	1	1	1	1
2149	9	9	9	9	9	9
2150	9	9	9	9	9	9
2151	5	8	5	5	5	8
2152	1	1	1	1	1	1
2153	8	8	8	8	8	8
2154	7	7	7	7	7	7
2155	1	1	1	1	1	1
2156	5	5	5	5	5	1
2157	9	9	9	4	9	9
2158	9	9	9	9	9	9
2159	3	7	3	3	3	7
2160	1	1	1	1	1	1
2161	9	9	9	9	9	9
2162	0	0	0	0	0	0
2163	7	7	7	7	7	7
2164	5	7	5	3	5	7
2165	4	4	4	4	4	4
2166	9	9	9	9	9	9
2167	0	0	0	0	0	0
2168	5	8	5	5	5	8
2169	1	1	1	1	1	1
2170	9	9	9	9	9	9
2171	6	6	6	6	6	6
2172	1	1	1	1	1	1
2173	5	5	5	5	5	5
2174	2	3	3	2	3	3
2175	6	6	6	6	6	6
2176	2	6	2	2	2	2
2177	0	0	0	0	0	0
2178	3	3	3	3	3	3
2179	8	8	8	5	8	8
2180	7	7	7	7	7	7
2181	5	7	7	3	7	0
2182	3	5	3	5	3	5
2183	8	8	8	8	8	8
2184	5	5	5	5	5	5
2185	0	0	0	0	0	0
2186	3	3	3	3	3	3
2187	0	0	0	0	0	0
2188	8	8	8	8	8	8
2189	8	8	8	8	8	8
2190	6	4	5	4	6	6
2191	8	8	8	8	8	8
2192	4	4	4	4	4	4
2193	2	2	2	2	2	2
2194	2	6	2	2	2	2
2195	6	6	6	6	6	6
2196	7	9	7	7	7	7
2197	0	0	0	0	0	0
2198	6	6	6	6	6	6
2199	4	4	4	4	4	4
2200	3	3	3	3	3	3
2201	8	8	8	8	8	8
2202	2	2	2	2	2	2
2203	0	0	2	0	0	0
2204	9	4	9	9	9	9
2205	9	9	9	9	9	9
2206	4	4	4	4	4	4
2207	6	6	6	6	6	6
2208	9	9	9	9	9	9
2209	2	2	2	2	2	2
2210	5	4	8	3	8	8
2211	5	3	5	5	5	5
2212	9	9	9	9	9	9
2213	9	9	9	9	9	9
2214	9	9	9	9	9	9
2215	2	8	2	2	2	8
2216	8	8	8	8	8	8
2217	3	3	3	3	3	3
2218	0	0	0	0	0	0
2219	3	3	3	3	3	3
2220	9	9	9	9	9	9
2221	2	3	3	2	3	3
2222	4	4	4	4	4	4
2223	6	4	6	6	6	6
2224	6	4	6	6	6	6
2225	2	6	2	2	2	2
2226	9	9	9	9	9	9
2227	2	2	2	2	2	2
2228	6	6	6	6	6	6
2229	0	0	0	0	0	0
2230	0	0	0	0	0	0
2231	1	1	1	1	1	1
2232	8	8	8	8	8	8
2233	7	7	7	7	7	7
2234	8	8	8	0	8	0
2235	2	8	2	2	2	2
2236	0	0	0	0	0	0
2237	4	4	4	4	4	4
2238	7	7	7	7	7	7
2239	7	7	7	7	7	7
2240	5	7	5	5	5	7
2241	6	6	6	6	6	6
2242	6	6	6	6	6	6
2243	3	3	3	3	3	3
2244	0	0	0	0	0	0
2245	7	7	7	7	7	7
2246	5	5	5	5	5	5
2247	7	7	7	7	7	7
2248	2	2	2	2	2	2
2249	0	3	0	0	0	3
2250	8	8	8	8	8	8
2251	9	9	9	9	9	9
2252	4	9	4	4	4	9
2253	2	3	3	2	3	3
2254	4	4	4	4	4	4
2255	7	7	7	7	7	7
2256	8	8	8	8	8	8
2257	7	7	7	7	7	7
2258	1	1	1	1	1	1
2259	7	7	7	7	7	7
2260	3	3	3	0	3	3
2261	8	8	8	8	8	8
2262	3	9	4	7	4	4
2263	2	2	2	2	2	2
2264	9	9	9	9	9	9
2265	2	2	2	2	2	2
2266	3	8	8	8	8	8
2267	3	3	3	3	3	3
2268	9	4	9	9	9	9
2269	8	8	8	8	8	8
2270	2	2	2	2	2	2
2271	9	9	4	4	4	9
2272	2	2	2	2	2	2
2273	1	1	1	1	1	1
2274	3	3	3	3	3	3
2275	0	0	0	0	0	0
2276	3	3	3	3	3	3
2277	3	3	3	3	3	3
2278	3	3	3	3	3	3
2279	5	2	6	5	8	8
2280	3	3	3	3	3	3
2281	7	7	7	7	7	7
2282	3	3	3	3	3	3
2283	3	8	8	8	8	8
2284	8	8	8	8	8	8
2285	2	8	2	2	2	2
2286	6	6	6	6	6	6
2287	7	9	7	7	7	7
2288	3	5	5	3	3	5
2289	9	9	9	9	9	9
2290	6	6	6	6	6	6
2291	9	4	9	9	9	9
2292	7	7	7	7	7	7
2293	2	2	2	2	2	2
2294	7	7	7	2	7	7
2295	9	9	9	9	9	9
2296	7	7	7	7	7	7
2297	9	9	9	9	9	9
2298	2	2	8	2	2	2
2299	3	8	8	8	8	8
2300	2	2	2	2	2	2
2301	1	1	1	1	1	1
2302	2	2	2	2	2	2
2303	9	9	9	9	9	9
2304	6	6	6	6	6	6
2305	1	1	1	1	1	1
2306	3	3	3	3	3	3
2307	5	8	5	5	5	8
2308	9	9	9	9	9	9
2309	6	6	6	6	6	6
2310	1	1	1	1	1	1
2311	1	1	1	1	1	1
2312	6	6	6	6	6	6
2313	7	7	7	7	7	7
2314	1	1	1	1	1	1
2315	5	5	5	5	5	5
2316	9	4	4	4	4	4
2317	6	6	6	6	6	6
2318	3	3	3	3	3	3
2319	1	1	1	1	1	1
2320	0	0	0	0	0	0
2321	6	6	6	6	6	6
2322	8	8	8	8	8	8
2323	4	4	4	4	4	4
2324	9	9	9	9	9	9
2325	7	7	7	7	7	7
2326	3	3	3	3	3	3
2327	0	0	0	0	0	0
2328	2	4	4	2	2	4
2329	9	9	9	9	9	9
2330	0	0	0	0	0	0
2331	6	6	6	6	6	6
2332	7	7	7	7	7	7
2333	8	8	8	8	8	8
2334	0	0	0	0	0	0
2335	3	3	3	3	3	3
2336	8	8	8	8	8	8
2337	2	2	2	2	2	2
2338	3	8	8	3	8	8
2339	0	0	0	0	0	0
2340	0	0	0	0	0	0
2341	8	1	1	1	1	1
2342	1	1	1	1	1	1
2343	9	9	9	9	9	9
2344	4	4	4	4	4	4
2345	7	7	7	7	7	7
2346	2	2	2	2	2	2
2347	3	2	2	3	3	3
2348	7	1	7	7	7	7
2349	9	9	9	9	9	9
2350	9	9	9	9	9	9
2351	9	9	9	9	9	9
2352	2	2	2	2	2	2
2353	8	8	8	8	8	8
2354	2	2	2	2	2	2
2355	7	7	7	7	7	7
2356	8	8	8	8	8	8
2357	1	1	1	1	1	1
2358	6	6	6	6	6	6
2359	9	9	9	9	9	9
2360	1	1	1	1	1	1
2361	6	6	6	6	6	6
2362	1	1	1	1	1	1
2363	5	5	5	5	5	5
2364	2	7	7	7	9	7
2365	8	1	1	1	1	1
2366	9	9	9	5	9	9
2367	7	9	7	7	7	7
2368	4	9	4	4	4	4
2369	6	6	6	6	6	6
2370	5	1	5	1	5	5
2371	9	9	9	9	9	9
2372	6	5	5	6	6	6
2373	3	3	3	3	3	3
2374	6	6	6	6	6	6
2375	1	1	1	1	1	1
2376	2	2	2	2	2	2
2377	5	5	5	5	5	5
2378	2	2	2	2	2	2
2379	7	7	7	7	7	7
2380	2	2	2	2	2	2
2381	0	0	0	0	0	0
2382	9	4	4	9	9	4
2383	2	9	2	3	7	2
2384	3	0	0	8	8	0
2385	1	1	1	1	1	1
2386	7	7	7	7	7	7
2387	1	1	1	1	1	1
2388	7	2	7	3	7	2
2389	4	6	4	6	4	6
2390	0	0	0	0	0	0
2391	5	5	5	0	3	9
2392	8	8	8	8	8	8
2393	8	8	8	8	8	8
2394	7	9	7	7	7	7
2395	8	8	8	8	8	8
2396	8	8	8	8	8	8
2397	4	6	4	6	4	6
2398	9	9	9	9	9	9
2399	8	8	8	8	8	8
2400	5	3	5	5	5	5
2401	5	5	5	5	5	5
2402	7	7	7	7	7	7
2403	3	3	3	3	3	3
2404	7	7	7	7	7	7
2405	2	2	2	2	2	2
2406	8	1	8	8	8	8
2407	1	1	1	1	1	1
2408	6	6	6	6	6	6
2409	0	0	0	0	0	0
2410	6	6	6	6	6	6
2411	0	0	0	0	0	0
2412	6	6	6	6	6	6
2413	4	4	4	4	4	4
2414	8	8	8	8	8	8
2415	9	9	9	9	9	9
2416	3	3	3	3	3	3
2417	2	2	2	2	2	2
2418	3	3	3	3	3	3
2419	4	4	4	4	4	4
2420	5	7	5	5	5	5
2421	7	7	7	7	7	7
2422	2	1	2	2	2	2
2423	0	0	6	0	0	0
2424	7	7	7	7	7	7
2425	2	2	2	2	2	2
2426	0	0	0	0	0	0
2427	3	8	8	8	8	8
2428	9	4	4	4	4	4
2429	8	4	8	8	8	4
2430	5	4	5	5	5	5
2431	3	8	8	8	8	3
2432	5	5	5	5	5	5
2433	6	6	6	6	6	6
2434	6	5	5	6	6	6
2435	8	8	8	8	8	8
2436	9	9	9	9	9	9
2437	3	8	3	3	8	3
2438	4	4	4	4	4	4
2439	5	5	5	5	5	5
2440	2	2	2	2	2	2
2441	6	6	6	6	6	6
2442	8	6	8	8	6	8
2443	1	1	1	1	1	1
2444	7	7	7	7	7	7
2445	9	9	9	9	9	9
2446	0	3	0	0	0	3
2447	1	1	1	1	1	1
2448	9	9	9	9	9	9
2449	0	0	0	0	0	0
2450	4	4	4	4	4	4
2451	5	5	5	5	5	5
2452	7	7	7	7	7	7
2453	2	3	5	3	2	2
2454	8	4	4	4	8	4
2455	7	7	7	7	7	7
2456	6	6	6	6	6	6
2457	3	3	3	3	3	3
2458	3	1	1	7	1	8
2459	0	0	0	0	0	0
2460	2	2	2	2	2	2
2461	3	6	8	8	2	3
2462	4	9	4	4	4	9
2463	3	3	3	3	3	3
2464	8	8	8	8	8	8
2465	9	4	4	4	4	4
2466	6	6	6	6	6	6
2467	2	2	2	2	2	2
2468	7	7	7	7	7	7
2469	9	9	9	9	9	9
2470	2	2	2	2	2	2
2471	3	3	3	3	3	3
2472	6	6	6	6	6	6
2473	1	1	1	1	1	1
2474	9	4	4	4	4	4
2475	4	4	4	4	4	4
2476	6	2	6	6	6	2
2477	5	5	6	5	5	5
2478	9	9	9	9	9	9
2479	1	1	1	1	1	1
2480	1	1	1	1	1	1
2481	1	1	1	1	1	1
2482	7	7	7	7	7	7
2483	3	3	3	3	3	3
2484	2	6	2	2	2	2
2485	5	5	5	3	3	5
2486	2	8	2	2	7	8
2487	2	2	2	2	2	2
2488	9	9	9	9	9	9
2489	9	9	9	9	9	9
2490	1	1	1	1	1	1
2491	3	3	3	3	3	3
2492	1	1	1	1	1	1
2493	6	5	6	6	6	6
2494	1	1	1	1	1	1
2495	2	8	2	2	2	2
2496	7	7	7	7	7	7
2497	0	0	0	0	0	0
2498	0	0	0	0	0	0
2499	8	5	8	8	8	5
2500	2	2	2	2	2	2
2501	2	2	2	2	2	2
2502	2	1	2	2	2	2
2503	2	2	2	2	2	2
2504	9	1	7	7	7	9
2505	9	4	9	9	4	9
2506	2	2	2	2	2	2
2507	7	7	7	7	7	7
2508	1	1	1	1	1	1
2509	4	4	4	4	4	4
2510	9	9	9	9	8	9
2511	4	9	4	4	4	9
2512	1	1	1	1	1	1
2513	5	3	5	5	5	5
2514	2	3	2	2	2	3
2515	3	3	3	3	3	3
2516	1	1	1	1	1	1
2517	8	8	8	8	8	8
2518	7	7	7	7	7	7
2519	0	0	0	0	0	0
2520	7	7	7	7	7	7
2521	7	7	7	7	7	7
2522	2	3	2	2	2	3
2523	2	8	2	2	2	2
2524	9	9	9	9	9	9
2525	4	4	4	4	4	4
2526	0	0	0	0	0	0
2527	6	6	6	6	6	6
2528	0	0	0	0	0	0
2529	6	6	6	6	6	6
2530	1	1	1	1	1	1
2531	2	2	2	2	2	2
2532	5	5	5	5	5	5
2533	4	4	4	4	4	4
2534	1	1	1	1	1	1
2535	9	9	9	9	9	9
2536	4	4	4	4	4	4
2537	3	3	3	3	3	3
2538	9	9	9	9	9	9
2539	6	6	6	6	6	6
2540	0	0	0	0	0	0
2541	4	4	4	4	4	4
2542	0	0	0	0	0	0
2543	1	1	1	1	1	1
2544	2	2	2	2	2	2
2545	4	4	4	4	4	4
2546	7	7	7	7	7	7
2547	8	8	8	8	8	8
2548	9	9	9	9	9	9
2549	0	0	0	0	0	0
2550	4	4	4	4	4	4
2551	7	7	7	7	7	7
2552	8	8	8	8	8	8
2553	9	9	9	9	9	9
2554	0	0	0	0	0	0
2555	2	2	2	2	2	2
2556	4	4	4	4	4	4
2557	7	7	7	7	7	7
2558	7	7	7	7	7	7
2559	8	1	8	8	8	2
2560	6	6	6	6	6	6
2561	7	7	7	7	7	7
2562	3	3	3	3	3	3
2563	8	1	8	8	8	1
2564	4	4	4	4	4	4
2565	0	0	0	0	0	5
2566	9	9	9	9	9	9
2567	4	4	4	4	4	4
2568	4	4	4	4	9	4
2569	6	6	6	6	6	6
2570	2	2	2	2	2	9
2571	0	0	0	0	0	0
2572	2	2	2	2	2	2
2573	1	1	1	1	1	1
2574	1	1	1	1	1	1
2575	2	2	2	2	2	2
2576	7	7	7	7	7	7
2577	9	4	9	4	9	4
2578	5	5	5	5	5	5
2579	9	9	9	9	9	9
2580	7	7	7	7	7	7
2581	0	0	0	0	0	0
2582	7	7	7	7	7	7
2583	6	6	6	6	6	6
2584	8	8	3	8	8	8
2585	2	2	2	2	2	2
2586	7	9	7	7	7	7
2587	4	4	4	4	4	4
2588	2	2	2	2	2	2
2589	4	4	4	4	4	4
2590	8	8	8	8	8	8
2591	0	0	0	0	0	0
2592	5	5	5	5	5	5
2593	9	9	9	9	9	4
2594	9	9	9	9	9	9
2595	0	0	0	0	0	0
2596	2	2	2	2	2	2
2597	0	0	0	0	0	0
2598	6	6	6	6	6	6
2599	7	7	7	7	7	7
2600	0	0	0	0	0	0
2601	2	2	2	2	2	2
2602	6	6	6	6	6	6
2603	7	7	7	7	7	7
2604	9	9	9	9	9	9
2605	1	1	1	1	1	1
2606	4	4	4	4	4	4
2607	6	6	6	6	6	6
2608	7	7	7	9	7	7
2609	6	8	8	8	8	6
2610	4	4	4	4	4	4
2611	7	7	7	7	7	7
2612	4	4	4	4	4	4
2613	7	7	7	7	7	7
2614	3	3	3	3	3	3
2615	9	9	9	9	9	9
2616	8	8	8	8	8	8
2617	1	1	1	1	1	1
2618	8	8	8	8	8	8
2619	2	2	2	2	2	2
2620	4	4	4	4	4	4
2621	4	4	4	4	4	4
2622	4	4	9	4	4	2
2623	8	8	8	8	8	8
2624	7	7	7	7	7	7
2625	9	9	7	7	9	9
2626	3	3	3	3	3	3
2627	2	2	2	2	2	2
2628	2	8	2	2	2	8
2629	9	9	9	9	9	9
2630	5	5	5	5	5	5
2631	3	3	3	3	3	3
2632	8	8	8	8	8	8
2633	6	6	6	6	6	6
2634	8	8	8	8	8	8
2635	6	6	6	6	6	6
2636	3	3	3	3	3	3
2637	0	0	0	0	0	0
2638	7	1	2	7	2	2
2639	9	9	9	9	9	9
2640	3	3	3	3	3	3
2641	0	0	0	0	0	0
2642	1	1	1	1	1	1
2643	1	1	1	1	1	1
2644	4	4	4	4	4	4
2645	4	4	4	4	4	4
2646	7	7	7	7	7	7
2647	9	9	9	9	9	9
2648	6	6	6	6	6	6
2649	2	2	2	2	2	2
2650	2	2	2	2	2	2
2651	2	2	2	2	2	2
2652	0	0	0	0	0	0
2653	2	2	2	2	2	2
2654	4	4	4	4	4	4
2655	5	5	5	5	5	5
2656	7	7	7	7	7	7
2657	8	9	9	8	8	9
2658	0	0	0	0	0	0
2659	1	1	1	1	1	1
2660	2	2	2	2	2	2
2661	9	9	9	9	9	9
2662	1	1	1	1	1	1
2663	2	2	2	2	2	2
2664	3	3	3	3	3	3
2665	5	5	5	5	5	5
2666	7	7	7	7	7	7
2667	9	9	9	9	9	9
2668	8	1	8	8	8	8
2669	0	0	0	0	0	0
2670	5	5	5	5	5	5
2671	0	0	0	0	0	0
2672	3	3	3	3	3	3
2673	7	7	7	7	7	7
2674	9	9	9	9	9	9
2675	7	7	7	7	7	7
2676	1	1	1	1	1	1
2677	4	4	4	4	4	4
2678	0	0	0	0	0	0
2679	7	7	7	7	7	7
2680	1	1	1	1	1	1
2681	3	3	3	3	3	3
2682	2	1	6	2	6	6
2683	6	6	6	6	6	6
2684	4	4	4	4	4	4
2685	3	3	3	3	3	3
2686	2	2	2	2	2	2
2687	2	2	2	2	2	2
2688	0	0	0	0	0	0
2689	9	9	9	9	9	9
2690	4	4	4	4	4	4
2691	1	1	1	1	1	1
2692	5	5	5	5	5	5
2693	0	0	0	0	0	0
2694	6	6	6	6	6	6
2695	4	4	4	4	4	4
2696	3	3	3	3	3	3
2697	3	3	3	3	3	3
2698	1	1	1	1	1	1
2699	7	7	7	7	7	7
2700	5	5	5	5	5	5
2701	7	7	7	7	7	7
2702	2	2	2	2	2	2
2703	2	2	2	2	2	2
2704	1	1	1	1	1	1
2705	7	7	7	7	7	7
2706	9	9	9	9	9	9
2707	5	5	5	5	5	5
2708	9	9	9	9	9	9
2709	8	8	8	8	8	8
2710	9	9	9	9	9	9
2711	8	9	9	8	9	8
2712	3	3	3	3	3	3
2713	6	6	6	6	6	6
2714	1	1	1	1	1	1
2715	2	2	2	2	2	2
2716	9	9	9	9	9	9
2717	5	5	5	5	5	5
2718	6	6	6	6	6	6
2719	4	4	4	4	4	4
2720	8	8	8	8	8	8
2721	4	4	4	4	4	4
2722	9	9	9	9	9	9
2723	1	1	1	1	1	1
2724	2	2	2	2	2	2
2725	3	3	3	3	3	3
2726	4	4	2	4	4	2
2727	7	7	7	7	7	7
2728	3	8	8	3	8	8
2729	0	0	0	0	0	0
2730	3	3	3	3	3	3
2731	4	4	4	4	4	4
2732	5	5	5	5	5	5
2733	6	6	6	6	6	6
2734	8	8	8	8	8	5
2735	7	7	7	7	7	7
2736	0	0	0	0	0	0
2737	1	1	1	1	1	1
2738	5	5	5	5	5	5
2739	8	8	8	8	8	8
2740	0	0	0	0	0	0
2741	8	8	8	8	8	8
2742	1	1	1	1	1	1
2743	0	0	0	0	0	0
2744	5	5	5	5	5	5
2745	9	9	9	9	9	9
2746	4	4	4	4	4	4
2747	0	0	0	0	0	0
2748	5	5	5	5	5	5
2749	1	1	1	1	1	1
2750	3	3	3	3	3	3
2751	9	9	9	9	9	9
2752	0	0	0	0	0	0
2753	1	1	1	1	1	1
2754	1	1	1	1	1	1
2755	4	4	7	4	4	7
2756	7	7	7	7	7	7
2757	3	3	3	3	3	3
2758	0	0	0	0	0	0
2759	7	7	7	7	7	7
2760	3	3	3	3	3	3
2761	5	5	5	5	5	5
2762	4	4	4	4	4	4
2763	2	2	2	2	2	2
2764	1	1	1	1	1	1
2765	3	8	8	8	8	8
2766	3	3	3	3	3	3
2767	6	6	6	6	6	6
2768	7	7	7	7	7	7
2769	2	2	2	2	2	2
2770	8	8	8	8	8	8
2771	9	9	9	9	9	9
2772	3	3	3	3	3	3
2773	2	2	2	2	2	2
2774	3	8	3	8	8	8
2775	7	7	7	7	7	7
2776	1	1	1	1	1	1
2777	4	4	4	4	4	4
2778	9	9	9	9	9	9
2779	3	3	3	3	3	0
2780	0	0	0	0	0	0
2781	2	2	2	2	2	2
2782	3	3	3	3	3	3
2783	4	4	4	4	4	4
2784	6	6	6	6	6	6
2785	5	5	5	5	5	5
2786	2	2	2	2	2	2
2787	3	3	8	3	8	3
2788	4	9	4	4	4	9
2789	9	9	9	9	9	9
2790	5	5	5	5	5	5
2791	0	0	0	0	0	0
2792	8	8	8	8	8	8
2793	0	0	0	0	0	0
2794	9	7	9	7	9	7
2795	7	9	7	7	7	7
2796	1	1	1	1	1	1
2797	2	8	2	2	2	8
2798	9	9	9	9	9	9
2799	3	3	3	3	3	3
2800	3	3	3	3	3	3
2801	8	8	8	8	8	8
2802	1	1	1	1	1	1
2803	2	2	2	2	2	2
2804	9	9	9	9	9	9
2805	8	8	8	8	8	8
2806	1	1	1	1	1	1
2807	1	1	1	1	1	1
2808	0	0	0	0	0	0
2809	4	4	4	4	4	4
2810	4	9	4	4	4	4
2811	2	8	2	2	2	8
2812	1	1	1	1	1	1
2813	5	5	5	5	5	5
2814	5	5	5	5	5	5
2815	5	5	5	5	5	5
2816	4	9	4	4	4	4
2817	6	6	6	6	6	6
2818	9	9	9	9	9	9
2819	1	1	1	1	1	1
2820	6	6	6	6	6	6
2821	0	0	0	0	0	0
2822	5	5	5	5	5	5
2823	8	4	8	8	4	4
2824	8	1	8	1	8	1
2825	9	9	9	9	9	9
2826	1	1	1	1	1	1
2827	2	2	2	2	2	2
2828	4	9	4	4	4	9
2829	5	5	5	5	5	5
2830	7	9	7	7	7	9
2831	8	4	8	8	8	4
2832	9	9	9	9	9	9
2833	9	9	9	9	9	9
2834	3	3	3	5	3	3
2835	2	2	2	2	2	2
2836	1	1	1	1	1	1
2837	5	5	5	5	5	5
2838	3	3	3	3	3	3
2839	1	1	1	1	1	1
2840	3	3	3	3	3	3
2841	2	2	2	2	2	2
2842	4	4	4	8	4	4
2843	8	8	8	8	8	8
2844	9	9	9	9	9	9
2845	1	1	1	1	1	1
2846	9	9	9	9	7	7
2847	5	5	5	5	5	5
2848	0	0	0	0	0	0
2849	6	6	6	6	6	6
2850	1	1	1	1	1	1
2851	7	7	7	7	7	7
2852	4	4	4	4	4	4
2853	0	0	0	0	0	0
2854	7	7	7	7	7	7
2855	9	9	9	9	9	9
2856	4	1	4	4	6	6
2857	8	1	5	8	8	6
2858	1	1	1	1	1	1
2859	6	6	6	6	6	6
2860	5	5	5	5	5	5
2861	9	9	9	9	9	9
2862	0	0	0	0	0	0
2863	0	0	0	0	0	0
2864	4	4	4	4	4	4
2865	2	2	2	2	2	2
2866	6	6	6	6	6	6
2867	3	0	0	0	0	5
2868	4	4	4	4	4	4
2869	5	5	5	5	5	5
2870	4	9	4	4	4	4
2871	1	1	1	1	1	1
2872	8	4	8	8	8	8
2873	9	9	9	9	9	9
2874	9	9	9	9	9	9
2875	9	9	9	9	9	9
2876	3	3	3	3	3	3
2877	5	5	5	5	5	5
2878	2	8	2	2	2	8
2879	0	0	8	0	0	5
2880	9	9	9	9	9	9
2881	4	4	4	4	4	4
2882	2	2	2	2	2	2
2883	3	3	3	3	3	3
2884	3	5	5	5	5	5
2885	6	6	6	6	6	6
2886	8	1	8	8	8	8
2887	9	9	9	4	9	9
2888	1	1	1	1	1	1
2889	2	2	2	2	2	2
2890	6	6	6	6	6	2
2891	2	2	2	2	2	2
2892	5	5	5	5	5	5
2893	6	6	6	6	6	6
2894	8	1	1	1	1	8
2895	3	3	3	3	3	3
2896	2	2	2	2	2	2
2897	0	0	0	0	0	0
2898	7	7	7	7	7	7
2899	5	6	5	5	5	5
2900	9	9	9	9	9	9
2901	4	4	4	4	4	4
2902	2	6	2	2	2	2
2903	2	2	2	2	2	2
2904	2	2	2	2	2	2
2905	6	6	6	6	6	6
2906	6	8	5	0	8	8
2907	2	2	2	2	2	2
2908	7	7	7	7	7	7
2909	0	0	0	0	0	0
2910	5	5	5	5	5	5
2911	9	9	9	9	9	9
2912	9	9	9	9	9	9
2913	7	7	7	7	7	7
2914	9	9	9	9	9	9
2915	6	6	6	6	6	6
2916	1	1	1	1	1	1
2917	2	2	2	2	2	2
2918	3	8	5	5	5	5
2919	3	3	3	3	3	3
2920	0	0	0	0	0	0
2921	5	5	5	5	5	5
2922	7	7	7	7	7	7
2923	1	1	1	1	1	1
2924	3	3	3	3	3	3
2925	6	6	6	6	6	6
2926	4	4	4	4	4	4
2927	6	6	6	6	6	6
2928	0	0	0	0	0	0
2929	2	2	2	2	2	2
2930	4	4	4	4	4	4
2931	3	3	5	5	5	5
2932	6	6	6	6	6	6
2933	8	8	8	8	8	8
2934	9	9	9	9	9	9
2935	0	0	0	0	0	0
2936	3	6	3	3	3	3
2937	9	9	7	7	4	7
2938	2	0	5	5	0	0
2939	9	9	7	7	7	7
2940	0	0	0	0	0	0
2941	2	2	2	2	2	2
2942	8	8	8	8	8	8
2943	1	1	1	1	1	1
2944	3	3	3	3	3	3
2945	7	7	7	7	7	7
2946	3	3	5	5	5	3
2947	2	2	2	2	2	2
2948	0	0	0	0	0	0
2949	9	9	7	7	9	7
2950	3	3	5	5	5	3
2951	1	1	1	1	1	1
2952	8	8	8	8	8	8
2953	8	8	8	8	8	8
2954	6	6	6	6	6	6
2955	1	1	1	1	1	1
2956	8	8	8	8	8	8
2957	3	3	3	3	3	3
2958	2	2	2	2	2	2
2959	2	2	2	7	0	2
2960	2	2	2	4	6	0
2961	1	1	1	1	1	1
2962	0	5	0	0	0	0
2963	3	3	3	3	3	3
2964	1	1	1	1	1	1
2965	1	1	1	1	1	1
2966	9	9	9	9	9	7
2967	6	6	6	6	6	6
2968	4	4	4	4	4	4
2969	9	9	7	7	7	7
2970	2	8	2	2	2	8
2971	6	6	6	6	6	6
2972	5	5	5	5	5	5
2973	8	8	8	8	8	8
2974	9	9	7	7	7	7
2975	6	6	6	6	6	6
2976	1	1	1	1	1	1
2977	3	0	8	8	8	8
2978	6	6	6	6	6	6
2979	2	8	2	2	2	2
2980	4	9	4	4	4	5
2981	2	2	2	2	2	2
2982	9	9	4	4	4	9
2983	0	0	0	0	0	0
2984	2	2	2	2	2	2
2985	2	2	2	2	2	2
2986	9	9	9	4	9	9
2987	6	6	6	6	6	6
2988	8	8	8	8	8	8
2989	9	9	9	9	9	9
2990	0	0	0	0	0	0
2991	1	1	1	1	1	1
2992	9	9	9	9	9	9
2993	0	0	0	0	0	0
2994	1	1	1	1	1	1
2995	2	2	2	2	2	2
2996	8	9	8	3	8	8
2997	4	4	4	4	4	4
2998	8	8	8	8	8	8
2999	9	9	9	9	9	9
3000	6	6	6	6	6	6
3001	3	5	5	5	5	5
3002	0	0	0	0	0	0
3003	8	8	8	8	8	8
3004	4	4	4	4	4	4
3005	9	9	9	9	9	9
3006	8	9	8	3	8	5
3007	8	8	8	8	8	8
3008	9	9	9	9	9	9
3009	1	1	1	1	1	1
3010	3	3	5	3	3	3
3011	2	2	2	2	2	2
3012	3	8	3	8	8	8
3013	0	0	0	0	0	0
3014	7	7	7	7	7	7
3015	1	1	1	1	1	1
3016	7	9	9	7	7	9
3017	8	8	8	8	8	8
3018	9	9	9	9	9	9
3019	3	8	8	3	5	5
3020	1	1	1	1	1	1
3021	9	9	9	9	9	9
3022	3	8	8	8	8	8
3023	8	9	8	3	8	8
3024	3	7	7	9	7	7
3025	2	2	2	2	2	2
3026	0	3	3	0	3	5
3027	0	0	0	0	0	0
3028	0	0	0	0	0	0
3029	7	7	7	7	7	7
3030	6	6	6	6	6	6
3031	4	4	4	4	4	4
3032	9	9	9	9	9	9
3033	3	8	5	9	3	5
3034	8	9	8	8	8	8
3035	4	4	4	4	4	4
3036	7	9	1	7	7	5
3037	3	5	5	5	3	5
3038	3	8	3	3	3	8
3039	6	6	6	6	6	6
3040	3	8	5	9	3	8
3041	2	2	2	2	2	2
3042	9	9	4	4	9	4
3043	6	6	6	6	6	6
3044	3	8	8	3	3	5
3045	8	8	8	8	8	8
3046	9	9	9	9	9	9
3047	8	8	8	8	8	8
3048	2	2	2	2	2	2
3049	3	9	5	9	3	5
3050	7	7	7	7	7	7
3051	9	9	9	9	9	9
3052	8	9	8	3	8	8
3053	1	1	1	1	1	1
3054	3	3	3	3	3	3
3055	0	0	0	0	0	0
3056	2	2	2	2	2	2
3057	3	8	8	3	8	8
3058	4	4	4	4	4	4
3059	6	6	6	6	6	6
3060	7	7	7	7	7	7
3061	2	8	8	8	8	8
3062	3	3	3	3	3	3
3063	0	0	0	0	0	0
3064	1	1	1	1	1	1
3065	4	4	4	4	4	4
3066	5	5	5	5	5	5
3067	7	7	7	7	7	7
3068	2	8	8	2	8	8
3069	3	3	3	3	3	3
3070	2	2	2	2	2	2
3071	3	8	3	3	8	3
3072	4	4	4	4	4	4
3073	7	7	7	7	7	7
3074	3	3	8	3	8	8
3075	2	8	8	8	8	8
3076	6	6	6	6	6	6
3077	5	5	5	5	5	5
3078	7	7	7	7	7	7
3079	4	4	4	4	4	4
3080	1	1	1	1	1	1
3081	4	4	4	4	4	4
3082	3	3	3	3	3	3
3083	2	2	2	2	2	2
3084	3	3	3	3	3	3
3085	2	2	2	2	2	7
3086	8	1	1	1	1	1
3087	2	8	2	2	2	8
3088	8	8	8	9	8	8
3089	0	0	0	0	0	0
3090	0	0	0	0	0	0
3091	2	2	2	2	2	2
3092	7	7	7	7	7	7
3093	5	5	5	5	5	5
3094	7	7	7	7	7	7
3095	2	2	2	2	2	2
3096	9	8	8	9	8	8
3097	1	1	1	1	1	1
3098	9	8	8	9	8	8
3099	0	0	0	0	0	0
3100	6	6	6	6	6	6
3101	0	0	0	0	0	0
3102	8	1	1	1	1	1
3103	8	8	8	8	8	8
3104	4	4	4	4	4	4
3105	2	2	8	3	8	2
3106	7	7	7	7	7	7
3107	5	5	5	5	5	5
3108	8	8	8	9	8	0
3109	7	7	7	7	7	7
3110	1	1	1	1	1	1
3111	3	8	8	3	8	3
3112	1	1	1	1	1	1
3113	0	0	0	0	0	0
3114	7	7	7	7	7	7
3115	4	4	4	4	4	4
3116	8	5	8	8	8	5
3117	8	8	0	9	8	0
3118	4	4	4	4	4	4
3119	3	3	3	3	3	3
3120	0	0	0	0	0	0
3121	2	2	2	2	2	2
3122	4	4	4	4	4	4
3123	5	5	5	5	5	5
3124	6	6	6	6	6	6
3125	7	7	7	7	7	7
3126	0	0	0	0	0	0
3127	1	1	1	1	1	1
3128	2	2	2	2	2	2
3129	3	3	3	3	3	3
3130	2	2	2	2	2	2
3131	4	4	4	4	4	4
3132	5	5	5	5	5	5
3133	8	8	8	8	8	8
3134	5	5	5	5	5	5
3135	6	6	6	6	6	6
3136	8	8	8	8	8	8
3137	1	1	1	1	1	1
3138	2	2	2	2	2	2
3139	5	3	5	5	5	3
3140	1	1	1	1	1	1
3141	2	2	2	2	2	2
3142	2	2	2	2	2	2
3143	7	7	7	7	7	7
3144	5	5	5	5	5	5
3145	2	2	2	2	2	2
3146	8	8	8	8	8	8
3147	9	9	9	9	9	9
3148	0	0	0	0	0	0
3149	4	4	4	4	4	4
3150	6	6	6	6	6	6
3151	7	7	7	7	7	7
3152	3	3	3	3	3	3
3153	4	4	4	4	4	4
3154	5	5	5	5	5	5
3155	0	0	0	0	0	0
3156	6	6	6	6	6	6
3157	7	7	7	7	7	7
3158	0	0	0	0	0	0
3159	4	4	4	4	4	4
3160	5	5	5	5	5	5
3161	4	4	4	4	4	4
3162	8	8	8	8	8	8
3163	5	5	5	5	5	5
3164	1	1	1	1	1	1
3165	2	2	2	2	2	2
3166	2	2	2	2	2	2
3167	6	6	6	6	6	6
3168	4	4	4	4	4	4
3169	0	0	0	0	0	0
3170	3	3	3	3	3	3
3171	3	3	3	3	3	3
3172	7	7	7	7	7	7
3173	0	0	0	0	0	0
3174	6	6	6	6	6	6
3175	4	4	4	4	4	4
3176	4	4	4	4	4	4
3177	6	6	6	6	6	6
3178	9	8	9	9	9	9
3179	2	2	2	2	2	2
3180	7	7	7	7	7	7
3181	7	7	7	7	7	7
3182	1	1	1	1	1	1
3183	0	0	0	0	0	0
3184	8	1	1	1	1	1
3185	2	2	2	2	2	2
3186	4	4	4	4	4	4
3187	5	5	5	5	5	5
3188	7	7	7	7	7	7
3189	9	9	9	9	9	9
3190	1	1	1	1	1	1
3191	6	6	6	6	6	6
3192	0	0	0	0	0	0
3193	3	3	3	3	3	3
3194	4	4	4	4	4	4
3195	5	5	5	5	5	5
3196	6	6	6	6	6	6
3197	7	7	7	7	7	7
3198	8	8	8	8	8	8
3199	1	1	1	1	1	1
3200	7	7	7	7	7	7
3201	2	2	2	2	2	2
3202	5	5	5	5	5	5
3203	0	0	0	0	0	0
3204	8	8	8	8	8	8
3205	0	0	0	0	0	0
3206	8	8	8	8	6	3
3207	3	3	3	3	3	3
3208	0	0	0	0	0	0
3209	2	6	2	2	2	2
3210	6	6	6	6	6	6
3211	2	2	2	2	2	2
3212	8	8	8	8	8	8
3213	8	8	8	8	8	8
3214	7	7	7	7	7	7
3215	7	7	7	7	7	7
3216	4	4	4	4	4	4
3217	7	7	7	7	7	7
3218	3	3	3	3	3	3
3219	7	7	7	7	7	7
3220	4	4	4	4	4	4
3221	5	5	5	5	5	5
3222	3	3	3	3	3	3
3223	8	8	8	8	8	8
3224	4	4	4	4	4	4
3225	9	9	9	9	9	9
3226	4	4	4	4	4	4
3227	3	3	3	3	3	3
3228	6	6	6	6	6	6
3229	8	8	8	8	8	8
3230	2	6	6	6	6	6
3231	5	5	5	5	5	5
3232	9	9	9	9	9	9
3233	8	8	8	8	8	8
3234	4	4	4	4	4	4
3235	6	6	6	6	6	6
3236	0	6	6	0	0	6
3237	6	6	6	6	6	6
3238	8	8	8	8	8	8
3239	1	1	1	1	1	1
3240	1	1	1	1	1	1
3241	9	9	9	9	9	9
3242	3	3	3	3	3	3
3243	5	5	8	5	8	5
3244	5	5	5	5	5	5
3245	4	4	4	4	4	4
3246	9	9	9	4	9	9
3247	6	0	0	0	0	0
3248	4	4	4	4	4	4
3249	9	9	9	9	9	9
3250	1	1	1	1	1	1
3251	2	2	2	2	2	2
3252	3	3	3	3	3	3
3253	0	0	0	0	0	0
3254	3	3	3	3	3	3
3255	7	9	7	7	7	7
3256	0	0	0	0	0	0
3257	3	3	3	3	3	3
3258	9	9	9	7	9	9
3259	6	6	6	6	6	6
3260	4	4	4	8	0	4
3261	8	8	8	8	8	8
3262	3	3	0	3	2	3
3263	2	2	2	2	2	2
3264	8	8	8	8	8	8
3265	1	1	1	1	1	1
3266	9	9	7	7	7	7
3267	4	4	4	4	4	4
3268	8	8	8	8	8	8
3269	6	6	6	6	6	6
3270	3	3	3	3	3	3
3271	1	1	1	1	1	1
3272	9	9	9	9	9	9
3273	4	4	4	4	4	4
3274	0	0	0	0	0	0
3275	8	8	8	8	8	8
3276	9	9	9	9	9	9
3277	2	2	2	2	2	2
3278	2	2	2	2	2	2
3279	5	5	5	5	5	5
3280	3	3	3	3	3	3
3281	3	3	3	3	3	3
3282	1	1	1	1	1	1
3283	9	9	9	9	9	9
3284	9	9	9	9	9	9
3285	2	2	2	2	2	2
3286	8	8	8	8	8	8
3287	5	5	5	5	5	5
3288	2	2	2	2	2	2
3289	9	9	9	9	9	9
3290	5	5	5	5	5	5
3291	8	9	8	8	8	9
3292	9	9	9	9	9	9
3293	0	0	0	0	0	0
3294	1	1	1	1	1	1
3295	2	6	2	2	2	2
3296	5	5	5	5	5	5
3297	0	0	0	0	0	0
3298	1	1	1	1	1	1
3299	3	3	3	3	3	3
3300	7	7	7	7	7	7
3301	1	1	1	1	1	1
3302	2	2	2	2	2	2
3303	5	5	5	5	5	5
3304	0	0	0	0	0	0
3305	5	5	5	5	5	5
3306	4	4	4	4	4	4
3307	4	4	4	4	4	4
3308	9	7	9	7	9	7
3309	6	6	6	6	6	6
3310	9	9	4	5	4	3
3311	7	1	7	7	7	7
3312	9	9	9	9	9	9
3313	0	0	0	0	0	0
3314	9	9	9	4	5	4
3315	3	1	3	3	3	3
3316	3	3	3	3	3	3
3317	2	6	6	6	2	6
3318	3	3	3	3	3	3
3319	4	4	4	4	4	4
3320	0	0	0	0	0	0
3321	2	2	2	2	2	2
3322	0	0	0	0	0	0
3323	2	2	2	2	2	2
3324	7	7	7	7	7	7
3325	8	8	8	8	8	8
3326	7	7	7	7	7	7
3327	0	0	0	0	0	5
3328	3	3	3	3	9	3
3329	8	8	8	8	8	8
3330	6	6	6	6	6	6
3331	7	7	7	7	7	7
3332	5	5	5	5	5	5
3333	1	1	1	1	1	1
3334	1	1	1	1	1	1
3335	6	6	6	6	6	6
3336	7	7	7	7	7	7
3337	9	9	9	4	9	9
3338	7	7	7	7	7	7
3339	9	9	9	9	9	9
3340	5	5	5	5	5	5
3341	6	6	6	6	6	6
3342	2	2	2	2	2	2
3343	1	1	1	1	1	1
3344	7	9	7	7	7	7
3345	1	1	1	1	1	1
3346	1	1	1	1	1	1
3347	3	3	3	3	3	3
3348	8	1	2	7	7	8
3349	4	4	4	4	4	4
3350	9	4	4	4	4	4
3351	6	6	6	6	6	6
3352	4	4	4	4	4	4
3353	6	6	6	6	6	6
3354	5	5	5	5	5	5
3355	9	4	9	4	9	4
3356	2	2	2	2	2	2
3357	7	7	7	7	7	7
3358	8	5	8	8	8	8
3359	5	5	5	1	8	8
3360	1	1	1	1	1	1
3361	7	7	7	7	7	7
3362	8	5	8	8	8	8
3363	9	9	9	9	9	9
3364	8	8	8	8	8	8
3365	4	4	4	4	4	4
3366	7	7	7	7	7	7
3367	3	3	3	3	3	3
3368	7	7	7	7	7	7
3369	6	6	6	6	6	6
3370	6	6	6	6	6	5
3371	6	6	6	6	6	5
3372	1	1	1	1	1	1
3373	9	9	9	9	9	9
3374	0	0	0	0	0	0
3375	1	1	1	1	1	1
3376	2	2	2	2	2	2
3377	1	1	1	1	1	1
3378	3	3	3	3	3	3
3379	9	9	9	9	9	9
3380	8	8	8	8	8	8
3381	1	1	1	1	1	1
3382	4	4	4	4	4	4
3383	6	6	6	6	6	6
3384	1	1	1	1	1	1
3385	4	4	4	4	4	4
3386	2	2	2	2	2	2
3387	4	4	4	4	4	4
3388	0	0	0	0	0	0
3389	1	1	1	1	1	1
3390	2	2	2	2	2	2
3391	3	3	3	3	3	3
3392	9	4	4	4	4	4
3393	3	7	3	3	2	7
3394	6	6	6	6	6	6
3395	7	7	7	7	7	7
3396	8	5	8	8	8	5
3397	9	9	9	9	9	9
3398	2	2	2	2	2	2
3399	5	2	5	5	5	5
3400	6	6	6	6	6	6
3401	9	9	9	9	9	9
3402	1	1	1	1	1	1
3403	3	3	3	3	2	3
3404	1	1	1	1	1	1
3405	3	3	3	3	3	3
3406	1	1	1	1	1	1
3407	9	7	9	7	4	7
3408	7	7	7	7	7	7
3409	2	2	2	2	2	2
3410	8	8	8	8	8	8
3411	3	3	3	3	3	3
3412	4	4	4	4	4	4
3413	3	3	3	3	3	3
3414	4	4	4	4	4	6
3415	1	1	1	1	1	1
3416	2	8	8	2	8	8
3417	6	5	6	6	6	6
3418	1	1	1	1	1	1
3419	0	0	0	0	0	0
3420	1	1	1	1	1	1
3421	0	0	0	0	0	0
3422	3	3	3	3	3	3
3423	6	6	6	6	6	6
3424	8	5	8	8	8	8
3425	7	8	7	7	7	7
3426	4	8	4	4	8	8
3427	0	0	0	0	0	0
3428	2	2	2	2	2	2
3429	6	6	6	6	6	6
3430	5	1	5	5	5	8
3431	8	8	8	8	8	8
3432	9	9	9	9	9	9
3433	9	5	4	4	4	4
3434	0	0	0	0	0	0
3435	6	6	6	6	6	6
3436	2	6	2	2	2	6
3437	9	9	9	9	9	9
3438	5	5	5	5	5	5
3439	7	7	7	7	7	7
3440	6	6	6	6	6	6
3441	3	3	3	3	3	3
3442	0	0	0	0	0	0
3443	2	7	7	2	2	7
3444	2	2	2	2	2	2
3445	2	2	2	2	2	2
3446	3	3	3	3	3	3
3447	5	6	5	5	5	6
3448	6	6	6	6	6	6
3449	0	0	0	0	0	0
3450	1	1	1	1	1	1
3451	3	3	3	3	3	3
3452	4	4	4	4	4	4
3453	5	5	5	5	5	5
3454	6	6	6	6	6	6
3455	7	7	7	7	7	7
3456	8	8	8	8	8	8
3457	9	9	9	9	9	9
3458	1	1	1	1	1	1
3459	5	5	5	5	5	5
3460	0	0	0	0	0	0
3461	8	8	8	8	8	8
3462	0	0	0	0	0	0
3463	2	2	2	2	2	2
3464	8	8	8	8	8	8
3465	3	3	3	3	3	3
3466	0	0	0	0	0	0
3467	0	0	0	0	0	0
3468	6	6	6	6	6	6
3469	7	7	7	7	7	7
3470	9	4	4	4	4	4
3471	7	7	7	7	7	7
3472	7	7	7	7	7	7
3473	3	3	3	3	3	3
3474	7	7	7	7	7	7
3475	5	5	5	5	5	5
3476	4	4	4	4	4	4
3477	5	5	5	5	5	5
3478	1	1	1	1	1	1
3479	1	1	1	1	1	1
3480	4	4	4	4	4	4
3481	7	7	7	7	7	7
3482	3	3	3	3	3	3
3483	0	0	0	0	0	0
3484	2	2	2	2	2	2
3485	5	5	5	5	5	5
3486	5	5	5	5	5	5
3487	6	6	6	6	6	6
3488	6	1	1	1	1	1
3489	3	5	5	5	5	5
3490	9	9	9	9	9	9
3491	9	9	9	9	9	9
3492	1	1	1	1	1	1
3493	6	6	6	6	6	6
3494	0	3	0	0	0	3
3495	9	9	9	9	7	9
3496	1	1	1	1	1	1
3497	8	8	8	8	8	8
3498	9	9	9	9	9	9
3499	2	6	2	2	2	6
3500	3	3	3	3	3	3
3501	5	5	5	5	5	5
3502	5	9	5	5	5	9
3503	9	9	9	9	9	9
3504	4	4	4	4	4	4
3505	2	2	2	2	2	2
3506	9	9	9	9	9	9
3507	9	9	9	9	9	9
3508	3	3	3	3	3	3
3509	2	2	2	2	2	2
3510	0	0	0	0	0	0
3511	0	0	0	0	0	0
3512	6	4	4	6	6	4
3513	0	0	0	0	0	0
3514	2	2	2	2	2	2
3515	3	3	3	3	3	3
3516	4	4	4	4	4	4
3517	5	5	5	5	5	5
3518	9	9	9	9	9	9
3519	1	1	1	1	1	1
3520	2	2	2	2	2	2
3521	3	3	3	3	3	3
3522	4	4	4	4	4	4
3523	7	7	7	7	7	7
3524	0	0	0	0	0	0
3525	1	1	1	1	1	1
3526	2	2	2	2	2	2
3527	4	4	4	4	4	4
3528	6	6	6	6	6	6
3529	8	8	8	8	8	8
3530	9	9	9	9	9	9
3531	3	3	3	3	3	3
3532	8	8	8	8	8	8
3533	1	1	1	1	1	1
3534	7	7	7	7	7	7
3535	3	3	5	5	3	5
3536	5	5	5	5	5	5
3537	0	0	0	0	0	0
3538	1	1	1	1	1	1
3539	0	0	0	0	0	0
3540	8	8	8	8	8	8
3541	4	4	4	4	4	4
3542	1	1	1	1	1	1
3543	5	5	5	5	5	5
3544	6	5	6	5	5	5
3545	9	9	9	9	9	9
3546	6	6	6	6	6	6
3547	9	9	9	9	9	9
3548	2	2	2	2	2	2
3549	9	9	9	9	9	9
3550	9	9	9	9	9	9
3551	2	2	2	2	2	2
3552	2	2	2	2	2	2
3553	5	5	5	5	5	5
3554	8	8	8	8	8	8
3555	2	2	2	2	2	2
3556	9	9	9	9	9	9
3557	8	8	8	8	8	8
3558	2	2	2	2	2	2
3559	2	2	2	2	2	2
3560	1	1	1	1	1	1
3561	2	2	2	2	2	2
3562	8	8	8	8	8	8
3563	6	6	6	6	6	6
3564	7	7	7	7	7	7
3565	1	1	1	1	1	1
3566	3	3	3	3	3	3
3567	3	3	3	3	3	3
3568	5	5	5	5	5	5
3569	4	4	4	4	4	4
3570	8	8	8	8	8	8
3571	0	8	8	5	8	8
3572	5	5	5	5	5	5
3573	0	0	0	0	0	0
3574	6	6	6	6	6	6
3575	7	7	7	7	7	7
3576	9	9	9	9	9	9
3577	8	8	8	8	8	8
3578	1	1	1	1	1	1
3579	0	6	0	0	0	0
3580	6	6	6	6	6	6
3581	0	0	0	0	0	0
3582	4	4	4	4	4	4
3583	7	7	7	7	7	7
3584	8	8	8	8	8	8
3585	9	9	9	9	9	9
3586	1	1	1	1	1	1
3587	2	2	2	2	2	2
3588	8	8	8	8	8	8
3589	9	9	9	9	9	9
3590	5	5	5	5	5	5
3591	7	7	7	7	7	7
3592	8	8	8	8	8	8
3593	9	9	9	4	9	9
3594	0	0	0	0	0	0
3595	1	1	1	1	1	1
3596	7	7	7	7	7	7
3597	1	1	1	1	1	1
3598	3	3	3	3	3	3
3599	2	2	2	2	2	2
3600	4	4	4	4	4	4
3601	3	3	3	3	3	3
3602	3	3	3	3	3	3
3603	9	9	9	9	9	9
3604	9	9	9	9	9	9
3605	0	0	0	0	0	0
3606	8	8	8	8	8	8
3607	6	6	6	6	6	6
3608	2	2	2	2	2	2
3609	8	1	1	1	1	1
3610	8	8	8	8	8	8
3611	9	9	9	4	9	9
3612	8	7	9	3	8	8
3613	9	9	9	9	9	9
3614	0	0	0	0	0	0
3615	9	9	9	9	9	9
3616	4	4	4	4	4	4
3617	0	0	0	0	0	0
3618	7	7	7	7	7	7
3619	7	7	7	7	7	7
3620	8	8	8	8	8	8
3621	6	6	6	6	6	6
3622	2	2	2	2	2	2
3623	6	6	6	6	6	6
3624	5	5	5	5	5	5
3625	0	0	0	0	0	0
3626	0	8	0	0	0	0
3627	2	2	2	2	2	2
3628	6	6	6	6	6	6
3629	1	1	1	1	1	1
3630	0	0	0	0	0	0
3631	9	9	9	4	9	9
3632	1	1	1	1	1	1
3633	9	4	4	4	4	4
3634	6	6	6	6	6	6
3635	7	7	7	7	7	7
3636	8	8	8	8	8	8
3637	9	9	9	7	9	7
3638	1	1	1	1	1	1
3639	3	3	3	3	3	3
3640	5	5	5	5	5	5
3641	7	7	7	7	7	7
3642	0	0	0	0	0	0
3643	4	4	4	4	4	4
3644	5	4	5	5	5	5
3645	3	8	8	8	8	8
3646	8	8	8	8	8	8
3647	2	2	2	2	2	2
3648	3	3	3	3	3	3
3649	8	8	8	3	8	8
3650	6	6	6	6	6	6
3651	6	8	6	6	6	6
3652	6	6	6	6	6	6
3653	3	3	3	3	3	3
3654	0	6	0	0	6	0
3655	4	4	4	4	4	4
3656	7	7	7	7	7	7
3657	8	8	3	8	8	3
3658	0	0	0	0	0	0
3659	3	3	3	3	3	3
3660	1	1	1	1	1	1
3661	7	7	7	7	7	7
3662	0	0	0	0	0	0
3663	1	1	1	1	1	1
3664	7	7	7	7	7	7
3665	9	9	9	9	9	9
3666	2	2	2	2	2	2
3667	2	0	2	0	2	0
3668	3	3	3	3	3	3
3669	1	1	1	1	1	1
3670	9	9	9	9	9	9
3671	9	9	9	9	9	9
3672	8	8	8	8	8	8
3673	0	0	0	0	0	0
3674	0	0	0	0	0	0
3675	2	2	2	2	2	2
3676	1	1	1	1	1	1
3677	2	2	2	2	2	2
3678	3	3	3	3	3	3
3679	4	9	4	4	4	4
3680	5	5	5	5	5	5
3681	6	6	6	6	6	6
3682	1	1	1	1	1	1
3683	2	2	2	2	2	2
3684	5	5	5	5	5	5
3685	8	8	8	8	8	8
3686	1	1	1	1	1	1
3687	3	3	3	3	3	3
3688	5	5	5	5	5	5
3689	1	1	1	1	1	1
3690	7	7	7	7	7	7
3691	2	8	8	8	8	8
3692	6	6	6	6	6	6
3693	5	5	5	5	5	5
3694	7	7	7	7	7	7
3695	2	2	2	2	2	2
3696	6	6	6	6	6	6
3697	0	0	0	0	0	0
3698	8	1	1	1	1	1
3699	9	9	9	9	9	9
3700	5	5	5	5	5	5
3701	3	3	3	3	3	3
3702	0	0	0	0	0	0
3703	6	6	6	6	6	6
3704	9	9	9	4	9	9
3705	7	7	7	7	7	7
3706	6	6	6	6	6	6
3707	0	0	0	0	0	0
3708	1	1	1	1	1	1
3709	4	4	4	4	4	4
3710	6	6	6	6	6	6
3711	2	2	2	2	2	2
3712	2	2	2	2	2	2
3713	3	3	9	9	3	3
3714	5	5	5	5	5	5
3715	1	1	1	1	1	1
3716	7	7	7	7	7	7
3717	7	7	7	7	7	7
3718	3	8	3	3	3	8
3719	8	8	8	8	8	8
3720	8	8	8	8	8	8
3721	5	5	5	5	5	5
3722	3	3	3	3	3	3
3723	7	7	7	7	7	7
3724	9	9	9	9	9	9
3725	8	8	8	8	8	8
3726	0	0	0	0	0	0
3727	9	9	9	9	9	9
3728	5	5	5	5	5	5
3729	1	1	1	1	1	1
3730	3	3	3	3	3	3
3731	5	5	5	5	5	5
3732	2	2	2	2	2	2
3733	4	4	4	4	4	4
3734	5	5	5	5	5	5
3735	4	5	4	4	4	4
3736	1	1	1	1	1	1
3737	2	2	2	2	2	2
3738	4	5	4	4	4	4
3739	5	5	5	5	5	5
3740	7	7	7	7	7	7
3741	1	1	1	1	1	1
3742	4	4	4	4	4	4
3743	4	4	4	4	4	4
3744	6	6	6	6	6	6
3745	3	3	3	3	3	3
3746	8	8	8	8	8	8
3747	7	7	7	7	7	7
3748	0	0	0	0	0	0
3749	1	1	1	1	1	1
3750	6	6	6	6	6	6
3751	1	1	1	1	1	1
3752	1	1	1	1	1	1
3753	8	8	8	8	8	8
3754	4	4	4	4	4	4
3755	3	3	3	3	3	3
3756	9	9	9	5	9	8
3757	7	7	7	7	7	7
3758	9	9	9	9	9	9
3759	1	1	1	1	1	1
3760	3	3	3	3	3	3
3761	9	8	9	9	9	9
3762	2	2	2	2	2	2
3763	3	3	3	3	3	3
3764	3	3	3	3	3	3
3765	1	1	1	1	1	1
3766	2	2	2	2	2	2
3767	3	3	3	3	3	3
3768	2	2	2	2	2	2
3769	9	4	9	9	4	4
3770	4	5	4	4	4	4
3771	9	9	9	9	9	9
3772	7	3	7	7	7	7
3773	9	9	9	9	9	9
3774	9	9	9	9	9	9
3775	3	3	3	3	3	3
3776	8	8	8	8	8	8
3777	1	1	1	1	1	1
3778	4	4	4	4	4	4
3779	2	7	5	5	0	0
3780	9	9	9	9	9	9
3781	0	0	0	0	0	0
3782	1	1	1	1	1	1
3783	2	2	8	2	2	2
3784	3	3	3	3	3	3
3785	5	4	5	5	5	4
3786	6	6	6	6	6	6
3787	0	0	0	0	0	0
3788	8	8	8	2	2	2
3789	5	4	5	5	5	5
3790	6	6	6	6	6	6
3791	9	9	9	9	9	9
3792	0	0	0	0	0	0
3793	5	4	5	5	5	4
3794	5	1	5	5	5	4
3795	6	6	6	6	6	6
3796	6	6	6	6	6	6
3797	4	4	4	4	4	4
3798	3	3	3	3	3	3
3799	8	8	8	8	8	8
3800	3	3	3	3	3	3
3801	0	0	0	0	0	0
3802	9	9	9	9	9	9
3803	0	2	0	0	0	0
3804	1	1	1	1	1	1
3805	9	9	9	9	9	9
3806	1	1	1	1	1	1
3807	7	9	7	7	7	7
3808	9	9	9	9	9	9
3809	2	2	2	2	2	2
3810	7	7	7	7	7	7
3811	2	2	2	2	2	2
3812	6	6	6	6	6	6
3813	9	9	8	9	4	4
3814	1	1	1	1	1	1
3815	6	6	6	6	6	6
3816	8	8	8	8	8	8
3817	2	8	2	2	2	8
3818	4	4	4	4	4	4
3819	0	0	0	0	0	0
3820	9	9	9	9	9	9
3821	0	0	0	0	0	0
3822	0	0	0	0	0	0
3823	1	1	1	1	1	1
3824	2	2	2	2	2	2
3825	3	3	3	3	3	3
3826	5	5	5	5	5	5
3827	8	8	8	8	8	8
3828	1	1	1	1	1	1
3829	2	3	2	2	2	2
3830	3	3	3	3	3	3
3831	4	4	4	4	4	4
3832	8	8	8	8	8	8
3833	2	2	2	2	2	2
3834	2	2	2	2	2	3
3835	1	1	1	1	1	1
3836	9	9	9	9	9	9
3837	9	9	9	9	9	9
3838	5	6	5	5	5	5
3839	9	9	9	9	9	9
3840	4	4	4	4	4	4
3841	0	0	0	0	0	0
3842	1	1	1	1	1	1
3843	4	4	4	4	4	4
3844	1	1	1	1	1	1
3845	6	6	6	6	6	6
3846	0	0	0	0	0	0
3847	5	5	5	5	5	8
3848	3	3	3	3	3	3
3849	5	5	5	5	5	5
3850	7	7	7	7	7	7
3851	2	2	2	2	2	2
3852	6	6	6	6	6	6
3853	2	2	2	2	2	2
3854	2	2	2	2	2	2
3855	0	0	0	0	0	0
3856	8	8	8	8	8	8
3857	0	0	0	0	0	0
3858	8	8	8	8	8	8
3859	7	7	7	7	7	7
3860	9	9	9	9	9	9
3861	7	7	7	7	7	7
3862	0	0	0	0	0	0
3863	4	4	4	4	4	4
3864	6	6	6	6	6	6
3865	0	0	0	0	0	0
3866	9	9	9	9	9	9
3867	7	7	7	7	7	7
3868	6	6	6	6	6	6
3869	8	8	8	5	8	8
3870	3	3	3	3	3	3
3871	5	5	5	5	5	5
3872	1	1	1	1	1	1
3873	8	8	8	5	5	8
3874	3	3	3	3	3	3
3875	1	1	1	1	1	1
3876	2	6	2	2	2	6
3877	1	1	1	1	1	1
3878	6	6	6	6	6	6
3879	2	2	2	2	2	2
3880	3	3	3	3	3	3
3881	4	4	4	4	4	4
3882	5	5	5	5	5	5
3883	7	7	7	7	7	7
3884	0	0	0	0	0	0
3885	3	3	3	3	3	3
3886	9	7	9	9	9	9
3887	7	7	7	3	7	9
3888	7	7	7	7	7	7
3889	6	6	6	6	6	6
3890	2	2	2	2	2	2
3891	3	3	3	3	3	3
3892	8	8	8	8	8	8
3893	7	7	7	7	7	7
3894	6	6	6	6	6	6
3895	3	3	3	3	3	3
3896	2	2	2	2	2	2
3897	2	2	2	2	2	2
3898	8	8	8	8	8	8
3899	8	8	8	8	8	8
3900	6	6	6	6	6	6
3901	0	0	0	0	0	0
3902	0	0	0	0	0	0
3903	1	1	1	1	1	1
3904	2	2	2	2	2	2
3905	6	6	6	6	6	6
3906	8	8	8	8	8	8
3907	2	2	2	2	2	2
3908	7	7	7	7	7	7
3909	9	9	9	9	9	9
3910	5	5	5	5	5	5
3911	5	5	5	5	5	5
3912	1	1	1	1	1	1
3913	9	9	9	9	9	9
3914	2	2	2	2	2	2
3915	6	6	6	6	6	6
3916	0	0	0	0	0	0
3917	5	8	5	5	5	5
3918	2	2	2	2	2	2
3919	3	8	8	8	3	8
3920	7	7	7	7	7	7
3921	5	8	5	5	5	8
3922	9	9	9	9	9	9
3923	3	3	3	3	3	3
3924	3	3	3	3	3	3
3925	1	1	1	1	1	1
3926	4	4	4	4	4	4
3927	0	0	0	0	0	0
3928	9	9	9	9	9	9
3929	6	6	6	6	6	6
3930	7	7	7	7	7	7
3931	8	8	2	8	8	2
3932	2	2	2	2	2	2
3933	3	3	2	2	2	3
3934	6	6	6	6	6	6
3935	7	7	7	7	7	7
3936	8	8	8	8	8	8
3937	9	9	9	9	9	4
3938	0	0	0	0	0	0
3939	8	8	2	8	8	2
3940	2	4	2	2	4	4
3941	2	2	2	3	2	2
3942	5	4	5	5	5	4
3943	6	6	6	6	6	5
3944	9	7	7	7	7	7
3945	8	8	8	8	8	8
3946	7	7	7	7	7	7
3947	0	0	0	0	0	0
3948	8	1	1	1	1	1
3949	5	4	2	5	5	4
3950	8	8	8	8	8	8
3951	8	8	8	8	8	8
3952	6	6	6	6	6	6
3953	4	4	4	4	4	4
3954	9	9	9	9	9	9
3955	1	1	1	1	1	1
3956	2	2	2	2	2	4
3957	9	9	9	9	9	9
3958	0	0	0	0	0	0
3959	8	8	8	1	1	8
3960	8	8	1	1	1	8
3961	7	7	7	7	7	7
3962	6	6	6	6	6	6
3963	0	0	0	0	0	0
3964	0	0	0	0	0	0
3965	6	6	6	6	6	6
3966	9	9	9	9	9	9
3967	8	8	1	8	1	2
3968	2	4	4	2	2	4
3969	5	4	8	5	5	8
3970	9	7	9	7	9	7
3971	2	2	2	2	2	2
3972	3	3	3	3	3	3
3973	0	0	0	0	0	0
3974	3	3	3	3	3	3
3975	4	4	4	4	4	4
3976	6	6	6	6	6	6
3977	0	0	0	0	0	0
3978	1	1	1	1	1	1
3979	2	6	6	2	2	6
3980	3	3	3	3	3	3
3981	5	5	5	5	5	5
3982	6	6	6	6	6	6
3983	7	7	7	7	7	7
3984	1	1	1	1	1	1
3985	2	2	2	2	2	2
3986	5	5	5	5	5	5
3987	7	7	7	7	7	7
3988	8	8	8	8	8	8
3989	9	9	9	9	9	9
3990	9	9	9	9	9	9
3991	7	7	7	7	7	7
3992	0	0	0	0	0	0
3993	6	6	6	6	6	6
3994	4	4	4	4	4	4
3995	1	1	1	1	1	1
3996	5	5	5	5	5	5
3997	7	7	7	7	7	7
3998	8	8	8	8	8	8
3999	4	4	8	4	9	4
4000	0	0	0	0	0	0
4001	5	5	5	5	5	5
4002	0	0	0	0	0	0
4003	8	1	8	8	8	8
4004	9	9	7	9	9	9
4005	2	2	2	2	2	2
4006	3	3	3	3	3	3
4007	2	2	2	2	2	2
4008	5	5	5	5	5	5
4009	7	7	7	7	7	7
4010	9	9	9	9	9	9
4011	7	7	7	7	7	7
4012	8	1	2	1	1	8
4013	7	7	7	7	7	7
4014	8	8	8	8	8	8
4015	4	4	4	4	4	4
4016	8	8	8	8	8	8
4017	6	6	6	6	6	6
4018	3	3	3	3	3	3
4019	8	8	8	8	8	8
4020	6	6	6	6	6	6
4021	2	2	2	2	2	2
4022	0	0	0	0	0	0
4023	6	6	6	6	6	6
4024	2	2	2	2	2	2
4025	3	3	3	3	3	3
4026	8	8	8	8	8	8
4027	9	9	9	9	9	9
4028	0	0	0	0	0	0
4029	7	7	7	7	7	7
4030	2	2	2	2	2	2
4031	5	5	5	5	5	5
4032	2	2	2	2	2	2
4033	8	8	8	8	8	8
4034	4	4	4	4	4	4
4035	6	6	6	6	6	6
4036	1	1	1	1	1	1
4037	8	8	8	8	8	8
4038	9	9	9	9	9	9
4039	0	0	0	0	0	0
4040	1	1	1	1	1	1
4041	2	2	2	2	2	2
4042	6	6	6	6	6	6
4043	7	7	7	3	7	7
4044	8	8	8	8	8	8
4045	9	9	9	9	9	9
4046	0	0	0	0	0	0
4047	1	1	1	1	1	1
4048	2	2	2	2	2	2
4049	3	3	3	3	3	3
4050	3	3	3	5	3	3
4051	9	9	9	9	9	9
4052	1	1	1	1	1	1
4053	2	2	2	2	2	2
4054	3	3	3	3	3	3
4055	4	4	4	4	4	6
4056	5	5	5	5	5	5
4057	1	1	1	1	1	1
4058	3	3	3	3	3	3
4059	1	1	1	1	1	1
4060	1	1	1	1	1	1
4061	9	9	9	9	9	9
4062	8	8	8	8	8	8
4063	6	6	6	6	6	6
4064	8	8	8	8	8	8
4065	0	0	0	0	0	0
4066	1	1	1	1	1	1
4067	2	8	2	2	2	2
4068	6	6	6	6	6	6
4069	6	6	6	6	6	6
4070	8	7	7	7	7	7
4071	6	6	6	6	6	6
4072	0	0	0	0	0	0
4073	3	3	3	3	3	3
4074	4	4	4	4	4	4
4075	6	6	6	6	6	6
4076	8	8	8	8	8	8
4077	9	9	9	9	9	9
4078	1	1	1	1	1	1
4079	3	3	3	3	3	3
4080	4	4	4	4	4	4
4081	6	6	6	6	6	6
4082	7	7	7	7	7	7
4083	1	1	1	1	1	1
4084	3	3	3	3	3	3
4085	4	4	4	4	4	4
4086	5	5	5	5	5	5
4087	7	7	7	7	7	7
4088	6	6	6	6	6	6
4089	2	2	2	2	2	2
4090	3	3	3	3	3	3
4091	8	5	8	8	8	8
4092	1	1	1	1	1	1
4093	5	5	5	5	5	5
4094	2	2	2	2	2	2
4095	3	3	3	3	3	3
4096	1	1	1	1	1	1
4097	3	3	3	3	3	3
4098	2	2	2	2	2	2
4099	3	3	5	3	3	3
4100	0	0	0	0	0	0
4101	7	7	7	7	7	7
4102	4	4	4	4	4	4
4103	6	6	6	6	6	6
4104	0	0	0	0	0	0
4105	9	9	9	0	9	0
4106	9	9	9	9	9	9
4107	7	7	7	7	7	7
4108	7	7	7	7	7	7
4109	6	6	6	6	6	6
4110	4	4	4	4	4	4
4111	0	0	0	0	0	0
4112	2	4	2	2	2	4
4113	0	0	0	0	0	0
4114	7	7	7	7	7	7
4115	4	4	4	4	4	4
4116	2	2	2	2	2	2
4117	9	9	9	9	9	9
4118	6	6	6	6	6	6
4119	5	5	5	5	5	5
4120	7	7	7	7	7	7
4121	1	1	1	1	1	1
4122	0	0	0	0	0	0
4123	4	4	4	4	4	4
4124	9	9	9	9	9	9
4125	1	1	1	1	1	1
4126	1	1	1	1	1	1
4127	6	6	6	6	6	6
4128	8	8	8	8	8	8
4129	0	0	0	0	0	0
4130	9	8	5	9	9	8
4131	9	9	9	9	9	9
4132	0	0	0	0	0	0
4133	2	4	2	2	4	4
4134	3	3	3	3	3	3
4135	4	4	4	4	4	4
4136	8	8	8	8	8	8
4137	0	0	0	0	0	0
4138	1	1	1	1	1	1
4139	4	4	4	4	4	4
4140	9	9	9	9	9	9
4141	5	5	5	5	5	5
4142	3	3	3	3	3	3
4143	5	5	8	3	8	5
4144	0	0	0	0	0	0
4145	9	9	9	9	9	9
4146	5	5	5	5	5	5
4147	4	8	4	4	4	8
4148	3	5	3	3	3	5
4149	0	0	0	0	4	0
4150	7	5	8	8	4	5
4151	6	6	6	6	6	6
4152	1	1	1	1	1	1
4153	9	9	9	9	9	9
4154	2	2	2	2	2	2
4155	8	5	8	8	8	5
4156	2	8	2	2	2	2
4157	8	8	8	8	8	8
4158	9	4	9	9	9	9
4159	1	1	1	1	1	1
4160	1	1	1	1	1	1
4161	0	0	0	0	0	0
4162	3	5	3	3	3	3
4163	2	6	6	6	6	6
4164	4	4	4	4	4	4
4165	9	9	9	9	9	9
4166	7	7	7	7	7	7
4167	9	4	9	4	9	7
4168	0	6	0	0	6	0
4169	5	5	5	5	5	5
4170	4	4	4	4	4	4
4171	9	9	9	9	7	7
4172	9	9	9	9	9	9
4173	6	6	6	6	6	6
4174	0	0	0	0	0	0
4175	8	4	4	4	4	4
4176	1	1	1	1	1	1
4177	0	0	0	0	0	0
4178	2	2	2	2	2	2
4179	9	4	4	4	4	4
4180	6	6	6	6	6	6
4181	2	4	2	2	2	4
4182	3	3	3	3	3	3
4183	4	4	4	4	4	4
4184	7	7	7	7	7	7
4185	8	8	8	8	8	8
4186	9	9	9	9	9	9
4187	1	1	1	1	1	1
4188	2	2	2	2	2	2
4189	7	7	7	7	7	7
4190	6	6	6	6	6	6
4191	0	0	0	0	0	0
4192	9	9	9	9	9	9
4193	1	1	1	1	1	1
4194	3	3	3	3	3	5
4195	6	6	6	6	6	6
4196	2	2	2	2	2	2
4197	5	5	5	5	5	5
4198	7	7	7	7	7	7
4199	4	4	4	4	4	4
4200	3	3	3	3	3	3
4201	2	2	2	2	2	2
4202	4	4	4	4	4	4
4203	3	3	3	3	0	3
4204	7	7	7	7	7	7
4205	6	6	6	6	6	6
4206	4	4	4	4	4	4
4207	7	7	7	7	7	7
4208	7	7	7	7	7	7
4209	8	8	8	8	8	8
4210	3	3	3	3	3	3
4211	8	4	4	4	4	6
4212	5	5	5	5	5	5
4213	4	4	4	4	4	4
4214	3	9	3	3	3	3
4215	7	7	7	7	7	7
4216	9	9	9	9	9	9
4217	2	2	2	2	2	2
4218	0	0	0	0	0	0
4219	1	1	1	1	1	1
4220	7	7	7	7	7	7
4221	1	1	1	1	1	1
4222	3	3	3	3	3	3
4223	9	9	9	9	9	9
4224	8	8	8	8	8	8
4225	6	6	6	6	6	6
4226	3	5	5	5	5	5
4227	3	3	3	3	3	3
4228	5	5	8	5	8	5
4229	6	6	6	6	6	6
4230	7	7	7	7	7	7
4231	9	9	9	9	9	9
4232	3	3	3	3	3	3
4233	4	4	4	4	4	4
4234	5	5	5	5	5	5
4235	6	6	6	6	6	6
4236	8	8	8	8	8	8
4237	9	9	9	9	9	9
4238	0	0	0	0	0	0
4239	8	1	1	1	1	1
4240	2	2	2	2	2	2
4241	5	5	5	5	5	5
4242	6	6	6	6	6	6
4243	7	7	7	7	7	7
4244	9	9	9	7	9	9
4245	7	7	7	7	7	7
4246	2	2	2	2	2	2
4247	3	3	3	3	3	3
4248	3	3	3	3	3	3
4249	3	3	3	3	2	3
4250	0	0	0	0	0	0
4251	1	1	1	1	1	1
4252	2	2	2	2	2	2
4253	1	1	1	1	1	1
4254	3	3	3	3	3	3
4255	0	0	0	0	0	0
4256	7	7	7	7	7	7
4257	2	2	2	2	2	2
4258	4	4	4	4	4	4
4259	0	0	0	0	0	0
4260	3	8	5	3	8	5
4261	9	9	9	9	9	9
4262	8	8	8	8	8	8
4263	9	9	9	9	9	9
4264	5	8	5	5	5	5
4265	3	3	3	5	3	3
4266	8	1	1	1	1	1
4267	4	4	4	4	4	4
4268	3	3	3	3	3	3
4269	3	7	3	7	7	7
4270	2	2	2	2	2	2
4271	6	6	6	6	8	6
4272	9	9	9	9	9	5
4273	7	7	7	7	7	7
4274	1	1	1	1	1	1
4275	0	0	0	0	0	0
4276	3	8	8	8	8	8
4277	2	2	2	2	2	2
4278	9	9	9	9	9	9
4279	1	1	1	1	1	1
4280	9	9	9	9	9	9
4281	1	1	1	1	1	1
4282	1	1	1	1	1	1
4283	6	6	6	6	6	6
4284	2	2	2	2	2	2
4285	3	1	1	1	1	1
4286	8	8	8	8	8	5
4287	5	3	5	5	5	5
4288	6	6	6	6	6	6
4289	7	7	7	7	7	7
4290	2	2	2	2	2	2
4291	5	5	5	5	5	5
4292	6	6	6	6	6	6
4293	8	8	8	8	8	8
4294	0	0	0	0	0	0
4295	3	3	3	3	3	3
4296	0	0	0	0	0	0
4297	4	4	4	4	4	4
4298	0	0	5	0	0	0
4299	6	6	6	6	6	6
4300	3	3	3	3	3	3
4301	4	4	4	4	4	4
4302	0	2	2	2	0	0
4303	8	8	8	8	8	8
4304	1	1	1	1	1	1
4305	9	9	9	9	9	9
4306	0	0	0	0	0	0
4307	8	8	8	8	8	8
4308	3	3	3	3	3	3
4309	1	1	1	1	1	1
4310	2	2	2	2	2	2
4311	3	3	3	3	3	3
4312	1	1	1	1	1	1
4313	7	7	7	7	7	7
4314	7	7	7	7	7	7
4315	2	2	2	2	2	2
4316	9	9	4	4	4	9
4317	3	2	3	3	3	3
4318	4	4	4	4	4	4
4319	8	8	8	8	8	8
4320	0	0	0	0	0	0
4321	7	7	7	7	7	7
4322	0	0	0	0	0	0
4323	6	6	6	6	6	6
4324	9	9	9	9	9	9
4325	3	3	3	3	3	3
4326	5	5	5	5	5	5
4327	7	7	7	7	7	7
4328	5	5	5	5	5	5
4329	0	0	0	0	0	0
4330	6	6	6	6	6	6
4331	9	9	9	9	9	9
4332	5	5	5	5	5	5
4333	0	5	5	5	0	0
4334	2	2	2	2	2	2
4335	6	6	6	6	6	6
4336	5	5	5	5	5	5
4337	3	3	3	3	3	3
4338	5	5	5	5	5	5
4339	1	1	1	1	1	1
4340	9	9	9	9	9	9
4341	4	4	4	4	4	4
4342	1	1	1	1	1	1
4343	8	8	8	8	8	8
4344	6	6	6	6	6	6
4345	0	0	0	0	0	0
4346	1	1	1	1	1	1
4347	2	2	2	2	2	2
4348	4	4	4	4	4	4
4349	5	5	5	5	5	5
4350	3	8	3	3	8	3
4351	4	4	4	4	4	4
4352	5	5	5	5	5	5
4353	6	6	6	6	6	6
4354	9	9	9	9	9	9
4355	0	0	0	0	0	0
4356	6	6	6	6	6	6
4357	7	7	7	7	7	7
4358	5	5	5	5	5	5
4359	3	3	3	3	3	3
4360	2	2	2	2	2	2
4361	9	9	9	9	9	9
4362	3	3	3	3	3	3
4363	1	1	1	1	1	1
4364	5	5	5	5	5	5
4365	3	3	3	3	3	3
4366	2	2	2	2	2	2
4367	1	1	1	1	1	1
4368	9	9	9	9	9	9
4369	7	7	7	7	7	7
4370	2	2	2	2	2	2
4371	1	1	1	1	1	1
4372	7	7	7	7	7	7
4373	8	8	8	8	8	8
4374	0	0	0	0	0	0
4375	7	7	7	7	7	7
4376	5	5	5	5	5	5
4377	5	5	5	5	5	5
4378	6	6	6	6	6	6
4379	5	5	5	5	5	5
4380	7	7	7	7	7	7
4381	4	4	4	4	4	4
4382	8	9	8	8	8	8
4383	1	1	1	1	1	1
4384	8	8	8	8	8	8
4385	6	6	6	6	6	6
4386	5	5	5	5	5	5
4387	0	0	0	0	0	0
4388	3	3	3	3	3	3
4389	7	7	7	7	7	7
4390	4	4	4	4	4	4
4391	6	6	6	6	6	6
4392	4	4	4	4	4	4
4393	1	1	1	1	1	1
4394	3	3	3	3	3	3
4395	8	8	8	8	8	8
4396	6	6	6	6	6	6
4397	9	9	9	9	8	9
4398	9	9	9	9	9	9
4399	9	9	9	9	9	9
4400	7	7	7	7	7	7
4401	8	8	8	8	8	8
4402	5	8	5	5	5	5
4403	2	2	2	2	2	2
4404	4	4	4	4	4	4
4405	2	2	2	2	2	2
4406	5	5	5	5	5	5
4407	7	7	7	7	7	7
4408	8	8	8	8	8	8
4409	9	9	9	9	9	9
4410	0	0	0	0	0	0
4411	1	1	1	1	1	1
4412	2	2	2	2	2	2
4413	7	7	7	7	7	7
4414	8	8	8	8	8	8
4415	9	9	9	9	9	9
4416	1	1	1	1	1	1
4417	2	2	2	2	2	2
4418	4	4	4	4	4	4
4419	5	5	5	5	5	5
4420	7	7	7	7	7	7
4421	8	8	8	8	8	8
4422	4	4	4	4	4	4
4423	5	5	5	5	5	5
4424	5	5	5	5	5	5
4425	7	7	7	7	7	7
4426	2	2	2	2	2	2
4427	9	9	9	9	9	9
4428	3	3	3	3	3	3
4429	0	0	0	0	0	0
4430	1	1	1	1	1	1
4431	6	6	6	6	6	6
4432	5	5	5	5	5	5
4433	3	3	3	3	3	3
4434	5	5	5	5	5	5
4435	0	0	0	0	0	0
4436	4	4	4	4	4	4
4437	5	5	6	5	5	6
4438	3	3	3	3	3	3
4439	0	0	0	0	0	0
4440	3	3	3	3	3	3
4441	0	0	0	0	0	0
4442	6	6	6	6	6	6
4443	2	2	2	2	2	2
4444	8	8	8	8	8	8
4445	1	1	1	1	1	1
4446	8	8	8	8	8	8
4447	5	5	5	5	5	5
4448	2	2	2	2	2	2
4449	6	6	6	6	6	6
4450	7	7	7	7	7	7
4451	4	4	4	4	4	4
4452	1	1	1	1	1	1
4453	6	6	6	6	6	6
4454	1	1	1	1	1	1
4455	6	6	6	6	6	6
4456	9	9	9	9	9	9
4457	9	9	9	9	9	9
4458	6	6	6	6	6	6
4459	2	2	2	2	2	2
4460	7	7	7	7	7	7
4461	1	1	1	1	1	1
4462	2	2	2	2	2	2
4463	5	5	5	5	5	5
4464	7	7	7	7	7	7
4465	8	8	8	8	8	8
4466	0	0	0	0	0	0
4467	3	3	3	3	3	3
4468	4	4	4	4	4	4
4469	7	7	7	7	7	7
4470	8	8	8	8	8	8
4471	9	9	9	9	9	9
4472	0	0	0	0	0	0
4473	2	2	2	2	2	2
4474	3	3	3	3	3	3
4475	8	8	8	8	8	8
4476	0	0	0	0	0	0
4477	1	1	1	1	1	1
4478	7	7	7	7	7	7
4479	9	9	9	9	9	9
4480	6	6	6	6	6	6
4481	1	1	1	1	1	1
4482	4	9	4	4	4	5
4483	8	8	8	8	8	8
4484	2	2	2	2	2	2
4485	4	4	4	4	4	4
4486	5	1	5	5	5	5
4487	9	9	9	9	9	9
4488	9	9	9	9	9	9
4489	9	9	4	4	4	9
4490	9	9	9	9	9	9
4491	8	8	8	8	8	8
4492	7	7	7	7	7	7
4493	4	4	4	4	4	4
4494	9	9	9	9	9	9
4495	8	8	8	8	8	8
4496	5	5	5	5	5	5
4497	8	8	8	8	8	8
4498	6	6	6	6	6	6
4499	6	6	6	6	6	6
4500	2	2	2	2	2	2
4501	7	7	7	7	7	7
4502	3	3	3	3	3	3
4503	9	9	9	9	9	9
4504	1	1	1	1	1	1
4505	3	3	3	3	3	3
4506	0	0	0	0	0	0
4507	9	7	7	7	7	7
4508	8	8	8	8	8	8
4509	1	1	1	1	1	1
4510	4	4	4	4	4	4
4511	6	6	6	6	6	6
4512	0	0	0	0	0	0
4513	4	4	4	4	4	4
4514	0	0	0	0	0	0
4515	6	6	6	6	6	6
4516	1	1	1	1	1	1
4517	1	1	1	1	1	1
4518	0	0	0	0	0	0
4519	4	5	4	4	4	4
4520	2	8	8	2	8	8
4521	3	3	3	3	5	3
4522	9	4	4	4	4	4
4523	0	4	0	0	0	4
4524	1	1	1	1	1	1
4525	8	8	8	8	8	5
4526	6	6	6	6	6	6
4527	3	3	3	3	3	3
4528	1	1	1	1	1	1
4529	4	4	4	4	4	4
4530	6	6	6	6	6	6
4531	1	1	1	1	1	1
4532	7	7	7	7	7	7
4533	4	4	4	4	4	4
4534	5	5	5	5	5	5
4535	0	0	0	0	0	0
4536	0	0	0	0	0	0
4537	1	1	1	1	1	1
4538	6	6	6	6	6	6
4539	8	8	8	8	8	8
4540	2	2	2	2	2	2
4541	1	1	1	1	1	1
4542	0	0	0	0	0	0
4543	6	6	6	6	6	6
4544	8	8	8	8	8	8
4545	3	3	3	3	3	3
4546	9	9	9	9	9	9
4547	3	3	3	3	3	3
4548	0	0	0	0	0	0
4549	2	2	2	2	2	2
4550	3	3	3	3	3	3
4551	8	8	8	8	8	8
4552	0	0	0	0	0	0
4553	8	8	8	8	8	8
4554	3	5	3	3	3	5
4555	4	4	4	4	4	4
4556	6	6	6	6	6	6
4557	8	8	8	8	8	8
4558	0	0	0	0	0	0
4559	3	3	3	3	3	3
4560	4	4	4	4	4	4
4561	6	6	6	6	6	6
4562	7	7	7	7	7	7
4563	8	8	8	8	8	8
4564	9	9	9	9	9	9
4565	9	9	9	9	9	9
4566	1	1	1	1	1	1
4567	4	4	4	4	4	4
4568	3	3	3	3	3	3
4569	4	4	4	4	4	4
4570	0	0	0	0	0	0
4571	3	3	3	3	3	3
4572	8	8	8	8	8	8
4573	8	1	1	1	1	1
4574	2	2	2	2	2	2
4575	5	5	5	5	5	5
4576	1	1	1	1	1	1
4577	1	1	1	1	1	1
4578	3	3	3	3	3	3
4579	4	4	7	4	4	4
4580	6	6	6	6	6	6
4581	2	2	2	2	2	2
4582	5	5	5	5	5	5
4583	2	2	2	2	2	2
4584	0	0	0	0	0	0
4585	1	1	1	1	1	1
4586	7	7	7	7	7	7
4587	6	6	6	6	6	6
4588	6	6	6	6	6	6
4589	8	8	8	8	8	8
4590	7	7	7	7	7	7
4591	4	4	4	4	4	4
4592	9	9	9	9	9	9
4593	2	2	2	2	2	2
4594	1	1	1	1	1	1
4595	0	0	0	0	0	0
4596	5	5	5	5	5	5
4597	9	9	9	9	9	9
4598	7	7	7	7	7	7
4599	8	8	8	8	8	8
4600	3	3	3	3	3	3
4601	6	6	6	6	6	6
4602	1	1	1	1	1	1
4603	3	8	3	3	8	8
4604	5	5	5	5	5	5
4605	6	6	6	6	6	6
4606	7	7	7	7	7	7
4607	8	8	8	8	8	8
4608	0	0	0	0	0	0
4609	1	1	1	1	1	1
4610	2	2	2	2	2	2
4611	3	3	3	3	3	3
4612	4	4	4	4	4	4
4613	6	6	6	6	6	6
4614	7	7	7	7	7	7
4615	8	8	8	8	8	8
4616	0	0	0	0	0	0
4617	3	3	3	9	3	3
4618	9	9	9	4	4	9
4619	8	8	8	8	8	8
4620	9	9	9	9	9	9
4621	6	6	6	6	6	6
4622	9	9	9	4	9	9
4623	2	2	2	2	2	2
4624	9	9	9	9	9	9
4625	9	9	9	9	9	9
4626	3	8	3	3	3	8
4627	0	0	0	0	0	0
4628	1	1	1	1	1	1
4629	4	9	4	4	4	9
4630	2	8	2	2	2	2
4631	6	6	6	6	6	6
4632	3	3	3	3	3	3
4633	3	3	3	9	3	3
4634	1	1	1	1	1	1
4635	5	8	5	5	5	5
4636	0	0	0	0	0	0
4637	3	3	3	3	3	3
4638	0	0	0	0	0	0
4639	7	7	7	7	7	7
4640	2	2	2	2	2	2
4641	7	7	7	7	7	7
4642	1	1	1	1	1	1
4643	4	4	4	4	4	4
4644	9	9	7	8	9	9
4645	1	1	1	1	1	1
4646	2	2	8	2	2	2
4647	3	3	3	3	3	3
4648	7	7	7	7	7	7
4649	0	0	0	0	0	0
4650	8	8	8	8	8	8
4651	9	9	9	9	9	9
4652	0	0	0	0	0	0
4653	1	1	1	1	1	1
4654	4	4	4	4	4	4
4655	5	5	5	5	5	5
4656	6	6	6	6	6	6
4657	1	1	1	1	1	1
4658	3	3	3	3	3	3
4659	9	9	9	9	9	9
4660	5	5	5	5	5	5
4661	9	9	9	9	9	9
4662	7	7	7	7	7	7
4663	1	1	1	1	1	1
4664	2	3	2	2	2	2
4665	3	3	3	3	3	3
4666	6	6	6	6	6	6
4667	2	2	2	2	2	2
4668	0	0	0	0	0	0
4669	1	1	1	1	1	1
4670	7	7	7	7	7	7
4671	5	5	5	5	5	5
4672	8	8	8	8	8	8
4673	6	6	6	6	6	6
4674	9	9	9	9	9	9
4675	8	8	8	8	8	8
4676	7	7	7	7	7	7
4677	8	8	8	8	8	8
4678	7	7	7	7	7	7
4679	8	8	8	8	8	8
4680	4	4	4	4	4	4
4681	1	1	1	1	1	1
4682	5	5	5	5	5	5
4683	0	0	0	0	0	0
4684	7	7	7	7	7	7
4685	6	6	6	6	6	6
4686	4	4	4	4	4	4
4687	1	1	1	1	1	1
4688	4	4	4	4	4	4
4689	2	2	2	2	2	2
4690	4	4	4	4	4	4
4691	8	8	8	8	8	8
4692	6	6	6	6	6	6
4693	0	0	0	0	0	0
4694	5	5	5	5	5	5
4695	9	9	9	9	9	9
4696	6	6	6	6	6	6
4697	0	0	0	0	0	0
4698	3	3	3	3	3	3
4699	6	6	6	6	6	6
4700	7	7	7	7	7	7
4701	8	8	8	8	8	8
4702	9	9	9	9	9	9
4703	0	0	0	0	0	0
4704	3	3	3	3	3	3
4705	4	4	4	4	4	4
4706	5	5	5	5	5	5
4707	1	1	1	1	1	1
4708	2	2	2	2	2	2
4709	3	3	3	3	3	3
4710	6	6	6	6	6	6
4711	8	8	8	8	8	8
4712	1	1	1	1	1	1
4713	5	3	5	5	5	3
4714	7	7	7	7	7	7
4715	0	0	0	0	0	0
4716	1	1	1	1	1	1
4717	9	9	9	9	9	9
4718	3	3	3	3	3	3
4719	1	1	1	1	1	1
4720	9	9	9	9	9	9
4721	2	2	2	2	2	2
4722	7	7	7	7	7	7
4723	8	8	8	8	8	8
4724	9	9	9	4	9	9
4725	6	6	6	6	6	6
4726	0	0	0	0	0	0
4727	6	6	6	6	6	6
4728	3	3	5	5	5	3
4729	3	3	3	3	3	3
4730	3	3	3	3	3	3
4731	3	3	3	3	3	3
4732	9	9	9	9	9	9
4733	6	6	6	6	6	6
4734	1	1	1	1	1	1
4735	2	2	2	2	2	2
4736	7	7	7	7	7	7
4737	4	4	4	4	4	4
4738	6	6	6	6	6	6
4739	0	0	0	0	0	0
4740	2	2	2	2	2	2
4741	7	7	7	7	7	7
4742	0	0	0	0	0	0
4743	3	3	3	3	3	3
4744	8	8	8	8	8	8
4745	7	7	7	7	7	7
4746	9	9	9	9	9	9
4747	2	2	2	2	2	2
4748	4	4	4	4	4	4
4749	3	3	3	3	3	3
4750	6	6	6	6	6	6
4751	2	2	2	2	2	2
4752	5	5	5	5	5	5
4753	3	2	3	3	3	2
4754	2	2	2	2	2	2
4755	5	5	5	5	5	5
4756	7	7	7	7	7	7
4757	0	0	0	0	0	0
4758	3	3	3	3	3	3
4759	7	7	7	7	7	7
4760	0	0	0	0	0	0
4761	4	4	4	4	4	4
4762	5	5	5	5	5	5
4763	6	6	6	6	6	6
4764	7	7	7	7	7	7
4765	8	8	8	8	8	8
4766	0	0	0	0	0	0
4767	1	1	1	1	1	1
4768	3	3	3	3	3	3
4769	4	4	4	4	4	4
4770	6	6	6	6	6	6
4771	4	4	4	4	4	4
4772	3	1	9	9	9	7
4773	6	6	6	6	6	6
4774	6	6	6	6	6	6
4775	9	9	9	7	7	9
4776	9	9	9	9	9	9
4777	0	0	0	0	0	0
4778	7	7	7	7	7	7
4779	5	5	5	5	5	5
4780	4	4	4	4	4	4
4781	0	0	0	0	0	0
4782	6	6	6	6	6	6
4783	8	8	8	8	8	8
4784	3	3	3	3	3	3
4785	3	3	3	3	3	3
4786	7	1	7	7	7	7
4787	8	8	8	8	8	8
4788	4	4	4	4	4	4
4789	1	1	1	1	1	1
4790	7	7	7	7	7	7
4791	7	7	7	7	7	7
4792	2	2	2	2	2	2
4793	3	3	3	3	3	3
4794	3	3	3	3	3	3
4795	5	5	5	5	5	5
4796	5	5	5	5	5	5
4797	5	5	5	5	5	5
4798	1	1	1	1	1	1
4799	9	4	4	4	4	4
4800	2	2	2	2	2	2
4801	8	1	1	1	1	1
4802	1	1	1	1	1	1
4803	3	3	3	3	3	3
4804	7	7	7	7	7	7
4805	8	8	8	8	8	8
4806	0	0	0	0	0	0
4807	1	1	1	1	1	1
4808	3	3	3	3	3	3
4809	4	4	4	4	4	4
4810	5	5	5	5	5	5
4811	6	6	6	6	6	5
4812	7	7	7	7	7	7
4813	8	8	8	8	8	8
4814	9	9	4	9	4	9
4815	4	4	4	4	4	4
4816	6	6	6	6	6	6
4817	8	8	8	8	8	8
4818	8	8	8	8	8	8
4819	6	6	6	6	6	6
4820	3	3	8	3	3	3
4821	2	2	2	2	2	2
4822	3	3	3	3	3	3
4823	9	9	9	9	9	9
4824	4	4	4	4	4	4
4825	7	7	7	7	7	7
4826	9	9	9	9	9	9
4827	4	4	4	4	4	4
4828	1	1	1	1	1	1
4829	7	7	7	7	7	7
4830	1	1	1	1	1	1
4831	7	7	7	7	7	7
4832	0	0	0	0	0	0
4833	2	2	2	2	2	2
4834	6	6	6	6	6	6
4835	8	8	8	8	8	8
4836	9	9	9	9	9	9
4837	4	9	4	4	4	4
4838	3	8	3	3	3	8
4839	5	5	5	5	5	5
4840	4	4	4	4	4	4
4841	8	8	8	8	8	8
4842	5	5	5	5	5	5
4843	9	9	9	9	9	9
4844	0	0	0	0	0	0
4845	3	8	3	3	3	8
4846	8	8	8	8	8	8
4847	4	4	4	4	4	4
4848	7	7	7	7	7	7
4849	5	5	5	5	5	5
4850	0	0	0	0	0	0
4851	7	7	7	7	7	7
4852	8	8	8	8	8	8
4853	8	8	8	8	8	8
4854	3	3	3	3	3	3
4855	6	5	5	6	6	5
4856	1	1	1	1	1	1
4857	2	1	8	2	8	8
4858	5	5	5	5	5	5
4859	3	3	3	3	3	3
4860	4	4	4	4	4	4
4861	6	6	6	6	6	6
4862	7	7	7	7	7	7
4863	2	0	0	2	0	5
4864	3	3	3	3	3	3
4865	6	6	6	6	6	6
4866	7	7	7	7	7	7
4867	7	7	7	7	7	7
4868	9	7	9	9	9	7
4869	1	1	1	1	1	1
4870	4	4	4	5	5	2
4871	0	0	0	0	0	0
4872	9	9	9	9	4	4
4873	7	7	7	7	7	7
4874	8	8	8	8	8	8
4875	2	8	2	2	2	2
4876	8	8	8	8	8	8
4877	3	3	3	3	3	3
4878	2	0	0	2	2	0
4879	0	0	0	0	0	0
4880	5	5	5	5	5	5
4881	5	8	8	8	8	5
4882	0	0	0	0	0	0
4883	1	1	1	1	1	1
4884	0	5	0	0	0	5
4885	4	4	4	4	4	4
4886	9	9	9	9	9	9
4887	9	9	9	9	9	9
4888	0	5	0	0	0	0
4889	7	7	7	7	7	7
4890	1	1	1	1	1	1
4891	9	9	7	4	7	9
4892	6	6	6	6	6	6
4893	6	6	6	5	6	6
4894	8	8	8	8	8	8
4895	9	7	9	7	7	7
4896	4	4	4	4	4	4
4897	0	5	5	5	5	5
4898	7	7	7	7	7	7
4899	3	3	3	3	3	3
4900	1	1	1	1	1	1
4901	2	2	2	2	2	2
4902	0	5	0	0	0	5
4903	1	1	1	1	1	1
4904	2	8	2	2	2	8
4905	3	3	3	3	3	3
4906	7	7	7	7	7	7
4907	8	8	8	8	8	8
4908	1	1	1	1	1	1
4909	3	3	3	3	3	3
4910	7	7	7	7	7	7
4911	0	5	0	0	0	0
4912	1	1	1	1	1	1
4913	4	4	4	4	4	4
4914	7	7	7	7	7	7
4915	8	8	8	8	8	8
4916	8	8	8	8	8	8
4917	5	5	5	5	5	5
4918	5	1	1	5	1	1
4919	6	6	8	6	6	6
4920	8	8	8	8	8	8
4921	1	1	1	1	1	1
4922	1	1	1	1	1	1
4923	6	6	6	6	6	6
4924	1	1	1	1	1	1
4925	1	1	1	1	1	1
4926	1	1	1	1	1	1
4927	0	0	0	0	0	0
4928	7	7	7	7	7	7
4929	2	8	2	2	2	8
4930	9	9	9	4	9	9
4931	3	3	3	3	3	3
4932	4	4	4	4	4	4
4933	6	6	6	6	6	6
4934	8	1	8	8	8	8
4935	0	0	0	0	0	0
4936	4	4	4	4	4	4
4937	7	7	7	7	7	7
4938	5	5	5	5	5	5
4939	4	4	4	4	4	4
4940	3	3	3	3	3	3
4941	8	1	0	0	8	8
4942	2	8	2	2	2	8
4943	3	3	5	3	5	3
4944	3	3	3	3	3	3
4945	7	7	7	7	7	7
4946	6	6	6	6	6	6
4947	3	3	3	3	3	3
4948	9	4	4	9	4	4
4949	4	9	7	9	9	7
4950	8	1	8	8	8	8
4951	0	0	0	0	0	0
4952	7	7	7	7	7	7
4953	8	8	8	8	8	8
4954	9	9	9	9	8	9
4955	0	4	2	8	2	2
4956	6	6	6	6	6	6
4957	7	7	7	7	7	7
4958	8	5	8	8	8	8
4959	0	0	0	0	0	0
4960	1	1	1	1	1	1
4961	4	4	4	4	4	4
4962	7	7	7	7	7	7
4963	9	9	9	9	9	9
4964	8	8	8	8	8	8
4965	4	4	4	4	4	4
4966	1	1	1	1	1	1
4967	4	4	4	4	4	4
4968	7	7	7	7	7	7
4969	1	1	1	1	1	1
4970	8	8	8	8	8	8
4971	7	7	7	7	7	7
4972	8	8	8	8	8	8
4973	2	3	2	2	2	2
4974	3	3	3	3	3	3
4975	9	9	9	9	9	9
4976	1	1	1	1	1	1
4977	4	4	6	4	4	6
4978	6	6	6	6	6	6
4979	0	0	0	0	0	0
4980	0	0	0	0	0	0
4981	6	6	6	6	6	6
4982	1	1	1	1	1	1
4983	3	1	8	1	8	8
4984	4	4	4	4	4	4
4985	6	6	6	6	6	6
4986	7	7	7	7	7	7
4987	2	2	2	2	2	2
4988	1	1	1	1	1	1
4989	0	0	0	0	0	0
4990	1	1	1	1	1	1
4991	3	8	3	3	3	8
4992	4	4	4	4	4	4
4993	6	6	6	6	6	6
4994	7	7	7	7	7	7
4995	8	8	8	8	8	8
4996	2	2	2	2	2	2
4997	3	3	3	3	3	3
4998	4	9	4	4	4	4
